<html>
<style>
.controller:hover{opacity:1 !important;}
</style>
<body>
<div id='canvas_container_16929917356328213' style='width:800px;height:600px;position:relative'>
<div id='loading_screen_16929917356328213' style='width:800px;height:600px;position:relative; background-color: #19bd39;text-align:center;align-items:center;display:flex;justify-content:center'> 
 <img src='https://cdn.jsdelivr.net/gh/viniciusmgn/uaibot_content@master/contents/SVG/logo_uai_bot.svg' style='width:200px;height:114px'/>
 </div>
<script id='MathJax-script' async src='https://cdn.jsdelivr.net/npm/mathjax@3.0.1/es5/tex-mml-chtml.js'></script>
<canvas id='scene_16929917356328213' width='800px' height='600px'></canvas>
<!-- USER DIVS GO HERE --><div class = 'controller' style='width:800px;height:30px;'></div>
</div>

 <script type="module">
import { Object3D, Vector3, BoxBufferGeometry, Color, Mesh, MeshBasicMaterial, PerspectiveCamera, OrthographicCamera,
Scene, WebGLRenderer, AmbientLight, DirectionalLight, HemisphereLight, MeshStandardMaterial,
AxesHelper, GridHelper, Matrix4, SphereBufferGeometry, CylinderBufferGeometry, ConeGeometry, Group, LoadingManager, MeshPhysicalMaterial, Vector2, FrontSide,
	BackSide, DoubleSide, PMREMGenerator, TextureLoader, PointLight, UVMapping, CubeReflectionMapping, CubeRefractionMapping,
	EquirectangularReflectionMapping, EquirectangularRefractionMapping, CubeUVReflectionMapping,
	CubeUVRefractionMapping, RepeatWrapping, ClampToEdgeWrapping, MirroredRepeatWrapping,
	NearestFilter, LinearFilter, NearestMipmapNearestFilter, NearestMipmapLinearFilter, LinearMipmapNearestFilter,
	LinearMipmapLinearFilter, BufferGeometry, Float32BufferAttribute, PointsMaterial, Points, ArrowHelper, TextGeometry, CubeTextureLoader,sRGBEncoding
} from 'https://cdn.skypack.dev/three@0.135.0/build/three.module.js';
import { OrbitControls } from 'https://cdn.skypack.dev/three@0.135.0/examples/jsm/controls/OrbitControls.js';
import {OBJLoader} from 'https://cdn.skypack.dev/three@0.135.0/examples/jsm/loaders/OBJLoader.js';
import {STLLoader} from 'https://cdn.skypack.dev/three@0.135.0/examples/jsm/loaders/STLLoader.js';
import {ColladaLoader} from 'https://cdn.skypack.dev/three@0.135.0/examples/jsm/loaders/ColladaLoader.js';
import {GUI} from 'https://cdn.skypack.dev/dat.gui';
import {ParametricGeometry} from 'https://cdn.skypack.dev/three@0.135.0/examples/jsm/geometries/ParametricGeometry.js'


//0.126.1 0.137.5
import { RoomEnvironment } from 'https://unpkg.com/three@0.126.1/examples/jsm/environments/RoomEnvironment.js';

//--------------------SIMULATION ELEMENTS---------------------

const delay = 500; 
 const maxTime = 7.82; 
 const cameraType= 'perspective'; 
 const sceneID= '16929917356328213'; 
 const showWorldFrame=true; 
 const showGrid=true; 
 const backgroundColor='white'; 
 const ambientLightIntensity = 12;
 const ldrUrls = [];
 const cameraStartPose = [1.76, 1.1, 1.45, -0.64, 0.76, 2.39, 1.0];
 //SIMULATION PARAMETERS GO HERE

function elapsedMs()
{
	return (new Date()).getTime();
}


class Objsim{
	constructor(_frames){
		this.frames = _frames;
		this.currentFrame = 0;
		this.shape = "I HAVE NO SHAPE YET";
	}

	hasLoaded()
	{
		return true;
	}

	nextFrame(){
		while( (this.currentFrame < this.frames.length-1) && ( 1000 * this.frames[this.currentFrame+1][0] + delay < (elapsedMs() - startMs)) )
		{
			this.currentFrame += 1;
		}
	}
	setFrameTime(time)
	{
		this.currentFrame = 0;
		while( (this.currentFrame < this.frames.length-1) && ( this.frames[this.currentFrame+1][0] < time) )
		{
			this.currentFrame += 1;
		}
	}
	showFrame(){
		this.shape.matrix.set( this.frames[this.currentFrame][ 1],this.frames[this.currentFrame][ 2],this.frames[this.currentFrame][ 3],this.frames[this.currentFrame][ 4],
							   this.frames[this.currentFrame][ 5],this.frames[this.currentFrame][ 6],this.frames[this.currentFrame][ 7],this.frames[this.currentFrame][ 8],
							   this.frames[this.currentFrame][ 9],this.frames[this.currentFrame][10],this.frames[this.currentFrame][11],this.frames[this.currentFrame][12],
							   this.frames[this.currentFrame][13],this.frames[this.currentFrame][14],this.frames[this.currentFrame][15],this.frames[this.currentFrame][16]);


	}
	setEnvMap(envMap)
	{
		this.shape.material.envMap = envMap;
		this.shape.material.needsUpdate = true;
	}
}

class Box extends Objsim{
	constructor(_width, _height, _depth, _frames, _material){
		super(_frames);
		this.width = _width;
		this.height = _height;
		this.depth = _depth;
		const geometry = new BoxBufferGeometry( this.width, this.height, this.depth);
		const cube = new Mesh( geometry, _material );
		cube.matrixAutoUpdate = false;
		this.shape = cube;
	}
}

class Ball extends Objsim{
	constructor(_radius, _frames, _material){
		super(_frames);
		this.radius = _radius;
		const geometry = new SphereBufferGeometry( this.radius, 64, 32);
		const sphere = new Mesh( geometry, _material);
		sphere.matrixAutoUpdate = false;
		this.shape = sphere;
	}
}

class Cylinder extends Objsim{
	constructor(_radius, _height, _frames, _material){
		super(_frames);
		this.radius = _radius;
		this.height = _height;
		const geometry = new CylinderBufferGeometry( this.radius, this.radius, this.height, 20 );
		const cylinder = new Mesh( geometry, _material);
		cylinder.matrixAutoUpdate = false;
		this.shape = cylinder;
	}
}

class Cone extends Objsim{
	constructor(_radius, _height, _frames, _material){
		super(_frames);
		this.radius = _radius;
		this.height = _height;
		const geometry = new ConeGeometry( this.radius, this.height, 20, 5, false, 0.0, 6.28 );
		const cone = new Mesh( geometry, _material);
		cone.matrixAutoUpdate = false;
		this.shape = cone;
	}
}

function signFun(x,n){
	return Math.sign(x)*( Math.pow(Math.abs(x),n))
}

class SmoothBox extends Objsim{



	constructor(_width, _height, _depth, _frames, _material){
		super(_frames);
		this.width = _width;
		this.height = _height;
		this.depth = _depth;

		const geometry = new ParametricGeometry( function fun(u,v,target) {
			let cosu = signFun(Math.cos(0.0001*Math.PI + 0.9999*Math.PI*u),0.5)
			let sinu = signFun(Math.sin(0.0001*Math.PI + 0.9999*Math.PI*u),0.5)
			let cosv = signFun(Math.cos(2*Math.PI*v),0.5)
			let sinv = signFun(Math.sin(2*Math.PI*v),0.5)

			let x = (_width/2)*sinu*cosv;
			let y = (_height/2)*sinu*sinv;
			let z = (_depth/2)*cosu;

	    	target.set( x, y, z );

		}, 25, 25 );


		const smoothCube = new Mesh( geometry, _material );
		smoothCube.matrixAutoUpdate = false;
		this.shape = smoothCube;
	}



}

class PointCloud extends Objsim{

	constructor(_points, _frames, _color, _size) {
		super(_frames);

		this.color = _color;
		this.points = _points
		this.size = _size;

		const vertices = []
		const geometry = new BufferGeometry();
		geometry.setAttribute('position', new Float32BufferAttribute(vertices, 3));
		const material = new PointsMaterial({color: this.color, size: this.size});
		this.shape  = new Points(geometry, material);
	}

	showFrame(){
		const vertices = [];

		for (let i = this.frames[this.currentFrame][1]; i < this.frames[this.currentFrame][2]; i++) {
			vertices.push(this.points[0][i], this.points[1][i], this.points[2][i]);
		}

		this.shape.geometry.setAttribute('position', new Float32BufferAttribute(vertices, 3));

	}

	setEnvMap(envMap) {}

}

class RigidObject extends Objsim
{

	constructor(_frames, _list_3dobject) {
		super(_frames);

		this.shape = new Group();
		this.shape.matrixAutoUpdate = false;

		const manager = new LoadingManager();

		let loader;

		for (let i = 0; i < _list_3dobject.length; i++) {
			const _3dobject = _list_3dobject[i];
			if (_3dobject.type === 'obj') {
				loader = new OBJLoader(manager);
				loader.load(_3dobject.url, (root) => {

					root.scale.set(_3dobject.scale, _3dobject.scale, _3dobject.scale);
					root.applyMatrix4(_3dobject.matrix)

					root.traverse(function (child) {
						if (child instanceof Mesh) {
							child.material = _3dobject.mesh_material;
						}
					});

					this.shape.add(root);
				});
			}
			if (_3dobject.type === 'stl') {
				loader = new STLLoader(manager);
				loader.load(_3dobject.url, (root) => {
					const mesh = new Mesh(root);

					mesh.scale.set(_3dobject.scale, _3dobject.scale, _3dobject.scale);
					mesh.applyMatrix4(_3dobject.matrix)

					mesh.traverse(function (child) {
						if (child instanceof Mesh) {
							child.material = _3dobject.mesh_material;
						}
					});

					this.shape.add(mesh);
				});
			}
			if (_3dobject.type === 'dae') {
				loader = new ColladaLoader(manager);
				loader.load(_3dobject.url, (root) => {
					const group = root.scene;

					group.scale.set(_3dobject.scale, _3dobject.scale, _3dobject.scale);
					group.applyMatrix4(_3dobject.matrix)

					group.traverse(function (child) {
						if (child instanceof Mesh) {
							child.material = _3dobject.mesh_material;
						}
					});

					this.shape.add(group);
				});
			}
		}

	}

	setEnvMapTemp(variable, envMap)
	{
		if(variable instanceof Mesh)
		{
			variable.material.envMap = envMap;
			variable.material.needsUpdate  = true;
		}
		else if (variable instanceof Group)
		{
			for(let i=0; i < variable.children.length; i++)
			{
				this.setEnvMapTemp(variable.children[i]);
			}
		}
	}
	setEnvMap(envMap) {
		this.setEnvMapTemp(this.shape, envMap);
	}

}

class Vector extends Objsim {


	constructor(_frames, _color, _thickness, _origin, _dir, _length) {
		super(_frames);

		this.color = _color;
		this.thickness = _thickness
		this.origin = new Vector3(_origin[0], _origin[1], _origin[2]);
		this.dir =  new Vector3(_dir[0], _dir[1], _dir[2]);
		this._length = length

		this.shape = new ArrowHelper( this.dir, this.origin, this.length, this.color );
		this.shape.line.material.linewidth = this.thickness;

	}

	showFrame() {
		this.shape.setLength(this.frames[this.currentFrame][3]);
		const dir = this.frames[this.currentFrame][2];
		const origin = this.frames[this.currentFrame][1];

		this.shape.setDirection(new Vector3(dir[0], dir[1], dir[2]));
		this.shape.position.set(origin[0], origin[1], origin[2]);
	}
	setEnvMap(envMap) {}
}

class PointLightSim extends Objsim {


	constructor(_frames) {
		super(_frames);
		this.shape = new PointLight(this.frames[0][1],this.frames[0][2],this.frames[0][3]);
		this.shape.position.set(this.frames[0][4][0],this.frames[0][4][1],this.frames[0][4][2]);
	}

	showFrame() {
		this.shape.color.set(this.frames[this.currentFrame][1]);
		this.shape.intensity = this.frames[this.currentFrame][2];
		this.shape.distance = this.frames[this.currentFrame][3];
		this.shape.position.set(this.frames[this.currentFrame][4][0],this.frames[this.currentFrame][4][1],this.frames[this.currentFrame][4][2]);
	}
	setEnvMap(envMap) {}
}

class HTMLDiv extends Objsim{

	constructor(_id, _frames){
		super(_frames);
		this.id = _id;
		this.shape = undefined;
	}

	showFrame() {
		var element = document.getElementById(this.id);

		element.innerHTML = this.frames[this.currentFrame][1];
		element.style.position = "absolute";
		element.style = this.frames[this.currentFrame][2];
	}
	setEnvMap(envMap) {}
}

class Robot extends Objsim{

	constructor(_objBase, _link, _frames, _htm_base_0, _htm_n_eef, _eef_frame_visible){
		super(_frames);

		this.loadedObjs = 0
		this.links = _link;

		this.totalNumberOfObjects = _objBase.length;

		for(let i=0; i<this.links.length; i++)
		{
			this.totalNumberOfObjects+= this.links[i].model3d.length;
		}

		this.htm_base_0 = _htm_base_0;

		//Function that creates a generic robot
		const base = new Group();
		base.name = "base";

		const baseFrame = new Group();
		baseFrame.name = "baseFrame";
		baseFrame.applyMatrix4(this.htm_base_0);


		//Create link groups
		let linkGroupList = [];

		for (let i = 0; i <= this.links.length; i++) {

			var linkGroup = new Group();
			linkGroup.name = "linkFrame" + i.toString();
			linkGroupList.push(linkGroup);

			linkGroup = new Group();
			linkGroup.name = "link" + i.toString();
			var axesHelper = new AxesHelper(0.2);
			axesHelper.matrixAutoUpdate = false;
			axesHelper.visible = true;
			linkGroup.add(axesHelper)

			if (i < this.links.length) {
				linkGroup.rotateZ(this.links[i].theta);
				linkGroup.translateZ(this.links[i].d);
				linkGroup.rotateX(this.links[i].alpha);
				linkGroup.translateX(this.links[i].a);
			}


			linkGroup.updateMatrix();

			linkGroupList.push(linkGroup);
		}

		var linkGroup = new Group();
		linkGroup.name = "eefFrame";
		linkGroupList.push(linkGroup);

		linkGroup = new Group();
		linkGroup.name = "eef";
		var axesHelper = new AxesHelper(0.2);
		axesHelper.matrixAutoUpdate = false;
		axesHelper.visible = _eef_frame_visible;
		linkGroup.add(axesHelper);
		linkGroup.applyMatrix4(_htm_n_eef)
		linkGroup.updateMatrix();
		linkGroupList.push(linkGroup);


		base.add(baseFrame)
		baseFrame.add(linkGroupList[0])

		for (let i = 0; i < linkGroupList.length-1; i++) {
			linkGroupList[i].add(linkGroupList[i + 1])
		}

		//Load 3D models

		this.shape = base;
		this.shape.matrixAutoUpdate = false;

		this.loadObj(_objBase,"base", "base", false)
		for (let i = 0; i < this.links.length-1; i++) {
			this.loadObj(this.links[i].model3d,"link" + (i+1).toString(), "link" + (i).toString(), this.links[i].showFrame)
		}
		this.loadObj(this.links[this.links.length-1].model3d,"link" + (this.links.length).toString(), "link" + (this.links.length).toString(), false)

		this.delta_config = []

		for (let i = 0; i < this.links.length; i++) {
			if(this.links[i].jointType == 0)
			{
				this.delta_config.push(this.shape.getObjectByName("link" + (i).toString()).rotation.z)
			}
			if(this.links[i].jointType == 1)
			{
				this.delta_config.push(this.shape.getObjectByName("link" + (i).toString()).position.z)

			}
		}

	}

	loadObj(obj, name1, name2, axisVisible) {

		const manager = new LoadingManager();
		const objLoader = new OBJLoader(manager);
		const stlLoader = new STLLoader(manager);
		const colladaLoader = new ColladaLoader(manager);

		for (let i = 0; i < obj.length; i++) {


			if (obj[i].type == "obj") {
				objLoader.load(obj[i].url, (root) => {
					root.scale.set(obj[i].scale, obj[i].scale, obj[i].scale);
					root.applyMatrix4(obj[i].matrix)

					root.traverse(function (child) {
						if (child instanceof Mesh) {
							child.material = obj[i].mesh_material;
						}
					});

					this.shape.getObjectByName(name2).add(root);
					this.loadedObjs += 1
				});
			}
			if (obj[i].type == "stl") {
				stlLoader.load(obj[i].url, (root) => {
					const mesh = new Mesh(root);
					mesh.scale.set(obj[i].scale, obj[i].scale, obj[i].scale);
					mesh.applyMatrix4(obj[i].matrix)

					mesh.traverse(function (child) {
						if (child instanceof Mesh) {
							child.material = obj[i].mesh_material;
						}
					});

					this.shape.getObjectByName(name2).add(mesh);
					this.loadedObjs += 1
				});
			}
			if (obj[i].type == "dae") {
				colladaLoader.load(obj[i].url, (root) => {
					const group = root.scene;
					group.scale.set(obj[i].scale, obj[i].scale, obj[i].scale);
					group.applyMatrix4(obj[i].matrix)

					group.traverse(function (child) {
						if (child instanceof Mesh) {
							child.material = obj[i].mesh_material;
						}
					});

					this.shape.getObjectByName(name2).add(group);
					this.loadedObjs += 1
				});
			}

		}

		this.shape.getObjectByName(name1).getObjectByProperty("type", "AxesHelper").visible = axisVisible;
	}

	hasLoaded()
	{
		return this.loadedObjs == this.totalNumberOfObjects;
	}

	//Function that updates frames
	showFrame(){
		//setting robot position
		this.shape.matrix.set( this.frames[this.currentFrame][ 1],this.frames[this.currentFrame][ 2],this.frames[this.currentFrame][ 3],this.frames[this.currentFrame][ 4],
							   this.frames[this.currentFrame][ 5],this.frames[this.currentFrame][ 6],this.frames[this.currentFrame][ 7],this.frames[this.currentFrame][ 8],
							   this.frames[this.currentFrame][ 9],this.frames[this.currentFrame][10],this.frames[this.currentFrame][11],this.frames[this.currentFrame][12],
							   this.frames[this.currentFrame][13],this.frames[this.currentFrame][14],this.frames[this.currentFrame][15],this.frames[this.currentFrame][16]);
		//setting robot configuration

		if(this.frames[this.currentFrame][17] != undefined){

			for(let i = 0; i < this.links.length; i++){
				const linkName = "linkFrame" + (i).toString();

				if(this.links[i].jointType == 0){
					this.shape.getObjectByName(linkName).rotation.z = this.frames[this.currentFrame][17][i] + this.delta_config[i];
				}else if (this.links[i].jointType == 1){
					this.shape.getObjectByName(linkName).position.z = this.frames[this.currentFrame][17][i] + this.delta_config[i];
				}

			}
		}
	}

	setEnvMapTemp(variable, envMap)
	{
		if(variable instanceof Mesh)
		{
			variable.material.envMap = envMap;
			variable.material.needsUpdate  = true;
		}
		else if (variable instanceof Group)
		{
			for(let i=0; i < variable.children.length; i++)
			{
				this.setEnvMapTemp(variable.children[i]);
			}
		}
	}
	setEnvMap(envMap) {
		this.setEnvMapTemp(this.shape, envMap);
	}
}

//------------------------------------------------------------

//--------------- BASIC ELEMENTS OF ANY SCENE ----------------

Object3D.DefaultUp = new Vector3(0,0,1); //Pointing Z axis up
const canvas = document.getElementById('scene_'+sceneID);// Selecting canvas

const scene = new Scene();//Instantiate the Scene
scene.background = new Color(backgroundColor);//Set background color

let camera;

if (cameraType == "perspective") {
	camera = new PerspectiveCamera(60, canvas.clientWidth / canvas.clientHeight, 0.1, 100);//Instantiate a camera
}
if (cameraType == "orthographic") {
	camera = new OrthographicCamera(-3.2, 3.2, 2.4, -2.4, 0.01, 100);
}



var ambientLight = new HemisphereLight('white','darkslategrey', 3);//Instantiate Ambient light
ambientLight.intensity = ambientLightIntensity;
scene.add(ambientLight);

const controls = new OrbitControls(camera, canvas);	//Instantiate orbit controls
//controls.target.set(0, 0, 0);//Point camera at the origin

camera.position.set(cameraStartPose[0], cameraStartPose[1], cameraStartPose[2]);
camera.rotation.set(cameraStartPose[3], cameraStartPose[4], cameraStartPose[5]);
camera.zoom = cameraStartPose[6];
camera.updateProjectionMatrix();

const renderer = new WebGLRenderer({canvas, antialias: true});//Instantiate renderer
renderer.physicallyCorrectLights = true;//Enable physically Correct Lights
renderer.setSize(canvas.clientWidth, canvas.clientHeight);//Set render size
renderer.setPixelRatio(window.devicePixelRatio);//Set pixel ratio

let sceneElements = [];

if (showWorldFrame) {
	const axesHelper = new AxesHelper(0.5);
	axesHelper.renderOrder = 1;
	scene.add(axesHelper);
}

if (showGrid) {
	const gridHelper = new GridHelper(6, 12);
	scene.add(gridHelper);
	gridHelper.rotation.x = 3.14 / 2;
}





//------------------------------------------------------------

//--------------- ADDING ELEMENTS TO THIS SCENE ---------------

//BEGIN DECLARATION OF THE BOX 'var_box_id_139726675197904'

const material_var_box_id_139726675197904 = new MeshPhysicalMaterial({
opacity: 1,
transparent: false,
aoMapIntensity: 1,
bumpScale: 1,
color: "red",
emissive: "black",
emissiveIntensity: 1,
envMapIntensity: 1,
flatShading: false,
lightMapIntensity: 1,
metalness: 0,
normalScale: new Vector2(1,1),
refractionRatio: 0.98,
roughness: 1,
clearcoat: 0,
clearcoatNormalScale: new Vector2(1,1),
clearcoatRoughness: 0,
ior: 1.5,
reflectivity: 0.5,
sheen: 0,
sheenRoughness: 1,
sheenColor: "white",
specularIntensity: 0,
specularColor: "white",
transmission: 0,
});


const var_var_box_id_139726675197904 = new Box(0.1,0.1,0.1,[[0, 1, 0, 0, 0.12, 0, 0, -1, -0.525, 0, 1, 0, 0.05, 0, 0, 0, 1], [3.16, 1.0, 0.0, 0.0003, 0.1201, 0.0003, 0.0, -1.0, -0.525, 0.0, 1.0, -0.0, 0.05, 0, 0, 0, 1], [3.18, 1.0, 0.0, 0.0015, 0.1206, 0.0015, 0.0, -1.0, -0.525, 0.0, 1.0, -0.0, 0.0501, 0, 0, 0, 1], [3.2, 1.0, -0.0, 0.0034, 0.1213, 0.0034, 0.0, -1.0, -0.5251, 0.0, 1.0, -0.0, 0.0503, 0, 0, 0, 1], [3.22, 1.0, 0.0, 0.0061, 0.1224, 0.0061, 0.0, -1.0, -0.5252, 0.0, 1.0, -0.0, 0.0505, 0, 0, 0, 1], [3.24, 1.0, 0.0, 0.0097, 0.1238, 0.0097, 0.0, -1.0, -0.5253, 0.0, 1.0, -0.0, 0.0508, 0, 0, 0, 1], [3.2600000000000002, 0.9999, 0.0, 0.014, 0.1254, 0.014, 0.0, -0.9999, -0.5254, 0.0, 1.0, -0.0, 0.0511, 0, 0, 0, 1], [3.2800000000000002, 0.9998, 0.0, 0.0191, 0.1274, 0.0191, 0.0, -0.9998, -0.5255, 0.0, 1.0, -0.0, 0.0515, 0, 0, 0, 1], [3.3000000000000003, 0.9997, 0.0, 0.025, 0.1297, 0.025, -0.0, -0.9997, -0.5257, 0.0, 1.0, -0.0, 0.052, 0, 0, 0, 1], [3.3200000000000003, 0.9995, -0.0, 0.0317, 0.1324, 0.0317, 0.0, -0.9995, -0.5258, 0.0, 1.0, -0.0, 0.0525, 0, 0, 0, 1], [3.34, 0.9992, 0.0, 0.0392, 0.1353, 0.0392, 0.0, -0.9992, -0.5259, 0.0, 1.0, -0.0, 0.0531, 0, 0, 0, 1], [3.36, 0.9989, -0.0, 0.0475, 0.1385, 0.0475, 0.0, -0.9989, -0.5261, 0.0, 1.0, -0.0, 0.0538, 0, 0, 0, 1], [3.38, 0.9984, 0.0, 0.0565, 0.1421, 0.0565, 0.0, -0.9984, -0.5262, 0.0, 1.0, -0.0, 0.0545, 0, 0, 0, 1], [3.4, 0.9978, 0.0, 0.0664, 0.1459, 0.0664, 0.0, -0.9978, -0.5263, 0.0, 1.0, -0.0, 0.0552, 0, 0, 0, 1], [3.42, 0.997, 0.0, 0.0769, 0.1501, 0.0769, -0.0, -0.997, -0.5264, 0.0, 1.0, -0.0, 0.056, 0, 0, 0, 1], [3.44, 0.9961, 0.0, 0.0883, 0.1546, 0.0883, 0.0, -0.9961, -0.5264, 0.0, 1.0, -0.0, 0.0569, 0, 0, 0, 1], [3.46, 0.995, 0.0, 0.1004, 0.1594, 0.1004, -0.0, -0.995, -0.5264, 0.0, 1.0, -0.0, 0.0578, 0, 0, 0, 1], [3.48, 0.9936, 0.0, 0.1132, 0.1645, 0.1132, 0.0, -0.9936, -0.5264, 0.0, 1.0, -0.0, 0.0588, 0, 0, 0, 1], [3.5, 0.9919, 0.0, 0.1267, 0.1699, 0.1267, 0.0, -0.9919, -0.5262, 0.0, 1.0, -0.0, 0.0598, 0, 0, 0, 1], [3.52, 0.99, 0.0, 0.141, 0.1756, 0.141, 0.0, -0.99, -0.526, 0.0, 1.0, -0.0, 0.0609, 0, 0, 0, 1], [3.54, 0.9878, 0.0, 0.156, 0.1816, 0.156, -0.0, -0.9878, -0.5258, 0.0, 1.0, -0.0, 0.062, 0, 0, 0, 1], [3.56, 0.9852, 0.0, 0.1717, 0.1879, 0.1717, -0.0, -0.9852, -0.5254, 0.0, 1.0, -0.0, 0.0632, 0, 0, 0, 1], [3.58, 0.9822, 0.0, 0.188, 0.1945, 0.188, 0.0, -0.9822, -0.5249, 0.0, 1.0, -0.0, 0.0644, 0, 0, 0, 1], [3.6, 0.9788, 0.0, 0.205, 0.2013, 0.205, 0.0, -0.9788, -0.5243, 0.0, 1.0, -0.0, 0.0657, 0, 0, 0, 1], [3.62, 0.9749, -0.0, 0.2227, 0.2085, 0.2227, 0.0, -0.9749, -0.5236, 0.0, 1.0, -0.0, 0.067, 0, 0, 0, 1], [3.64, 0.9705, -0.0, 0.2409, 0.216, 0.2409, 0.0, -0.9705, -0.5227, 0.0, 1.0, -0.0, 0.0683, 0, 0, 0, 1], [3.66, 0.9657, 0.0, 0.2598, 0.2237, 0.2598, 0.0, -0.9657, -0.5217, 0.0, 1.0, -0.0, 0.0696, 0, 0, 0, 1], [3.68, 0.9602, -0.0, 0.2792, 0.2318, 0.2792, 0.0, -0.9602, -0.5205, 0.0, 1.0, -0.0, 0.071, 0, 0, 0, 1], [3.7, 0.9542, 0.0, 0.2991, 0.24, 0.2991, 0.0, -0.9542, -0.5191, 0.0, 1.0, -0.0, 0.0725, 0, 0, 0, 1], [3.72, 0.9475, -0.0, 0.3196, 0.2486, 0.3196, 0.0, -0.9475, -0.5175, 0.0, 1.0, -0.0, 0.0739, 0, 0, 0, 1], [3.74, 0.9402, 0.0, 0.3406, 0.2574, 0.3406, 0.0, -0.9402, -0.5157, 0.0, 1.0, -0.0, 0.0754, 0, 0, 0, 1], [3.7600000000000002, 0.9322, 0.0, 0.362, 0.2665, 0.362, 0.0, -0.9322, -0.5137, 0.0, 1.0, -0.0, 0.0769, 0, 0, 0, 1], [3.7800000000000002, 0.9234, 0.0, 0.3838, 0.2757, 0.3838, -0.0, -0.9234, -0.5114, 0.0, 1.0, -0.0, 0.0784, 0, 0, 0, 1], [3.8000000000000003, 0.9139, 0.0, 0.406, 0.2853, 0.406, 0.0, -0.9139, -0.5089, 0.0, 1.0, -0.0, 0.0799, 0, 0, 0, 1], [3.8200000000000003, 0.9035, 0.0, 0.4285, 0.295, 0.4285, 0.0, -0.9035, -0.5061, 0.0, 1.0, -0.0, 0.0815, 0, 0, 0, 1], [3.84, 0.8924, 0.0, 0.4513, 0.3049, 0.4513, 0.0, -0.8924, -0.503, 0.0, 1.0, -0.0, 0.0831, 0, 0, 0, 1], [3.86, 0.8803, 0.0, 0.4744, 0.3151, 0.4744, 0.0, -0.8803, -0.4997, 0.0, 1.0, -0.0, 0.0847, 0, 0, 0, 1], [3.88, 0.8674, 0.0, 0.4977, 0.3254, 0.4977, 0.0, -0.8674, -0.496, 0.0, 1.0, -0.0, 0.0862, 0, 0, 0, 1], [3.9, 0.8535, 0.0, 0.5211, 0.3359, 0.5211, 0.0, -0.8535, -0.492, 0.0, 1.0, -0.0, 0.0878, 0, 0, 0, 1], [3.92, 0.8387, 0.0, 0.5446, 0.3465, 0.5446, 0.0, -0.8387, -0.4876, 0.0, 1.0, -0.0, 0.0894, 0, 0, 0, 1], [3.94, 0.8229, -0.0, 0.5682, 0.3573, 0.5682, 0.0, -0.8229, -0.4829, 0.0, 1.0, -0.0, 0.091, 0, 0, 0, 1], [3.96, 0.8061, 0.0, 0.5917, 0.3682, 0.5917, 0.0, -0.8061, -0.4778, 0.0, 1.0, -0.0, 0.0926, 0, 0, 0, 1], [3.98, 0.7883, -0.0, 0.6152, 0.3792, 0.6152, 0.0, -0.7883, -0.4724, 0.0, 1.0, -0.0, 0.0942, 0, 0, 0, 1], [4.0, 0.7695, 0.0, 0.6386, 0.3903, 0.6386, 0.0, -0.7695, -0.4666, 0.0, 1.0, -0.0, 0.0958, 0, 0, 0, 1], [4.0200000000000005, 0.7497, 0.0, 0.6618, 0.4015, 0.6618, 0.0, -0.7497, -0.4604, 0.0, 1.0, -0.0, 0.0974, 0, 0, 0, 1], [4.04, 0.7288, 0.0, 0.6848, 0.4127, 0.6848, 0.0, -0.7288, -0.4537, 0.0, 1.0, -0.0, 0.099, 0, 0, 0, 1], [4.0600000000000005, 0.7068, -0.0, 0.7074, 0.424, 0.7074, -0.0, -0.7068, -0.4467, 0.0, 1.0, -0.0, 0.1005, 0, 0, 0, 1], [4.08, 0.6838, 0.0, 0.7297, 0.4352, 0.7297, 0.0, -0.6838, -0.4392, 0.0, 1.0, -0.0, 0.1021, 0, 0, 0, 1], [4.1, 0.6597, 0.0, 0.7515, 0.4465, 0.7515, -0.0, -0.6597, -0.4314, 0.0, 1.0, -0.0, 0.1036, 0, 0, 0, 1], [4.12, 0.6346, 0.0, 0.7728, 0.4577, 0.7728, 0.0, -0.6346, -0.423, 0.0, 1.0, -0.0, 0.1051, 0, 0, 0, 1], [4.14, 0.6084, 0.0, 0.7936, 0.4688, 0.7936, 0.0, -0.6084, -0.4143, 0.0, 1.0, -0.0, 0.1065, 0, 0, 0, 1], [4.16, 0.5812, 0.0, 0.8137, 0.4799, 0.8137, 0.0, -0.5812, -0.4051, 0.0, 1.0, -0.0, 0.108, 0, 0, 0, 1], [4.18, 0.553, -0.0, 0.8332, 0.4909, 0.8332, -0.0, -0.553, -0.3954, 0.0, 1.0, -0.0, 0.1094, 0, 0, 0, 1], [4.2, 0.5238, 0.0, 0.8518, 0.5017, 0.8518, 0.0, -0.5238, -0.3853, 0.0, 1.0, -0.0, 0.1108, 0, 0, 0, 1], [4.22, 0.4936, 0.0, 0.8697, 0.5124, 0.8697, 0.0, -0.4936, -0.3748, 0.0, 1.0, -0.0, 0.1121, 0, 0, 0, 1], [4.24, 0.4625, 0.0, 0.8866, 0.5229, 0.8866, 0.0, -0.4625, -0.3638, 0.0, 1.0, -0.0, 0.1134, 0, 0, 0, 1], [4.26, 0.4305, -0.0, 0.9026, 0.5332, 0.9026, 0.0, -0.4305, -0.3524, 0.0, 1.0, -0.0, 0.1147, 0, 0, 0, 1], [4.28, 0.3976, 0.0, 0.9176, 0.5433, 0.9176, 0.0, -0.3976, -0.3405, 0.0, 1.0, -0.0, 0.116, 0, 0, 0, 1], [4.3, 0.3638, 0.0, 0.9315, 0.5531, 0.9315, -0.0, -0.3638, -0.3282, 0.0, 1.0, -0.0, 0.1171, 0, 0, 0, 1], [4.32, 0.3293, 0.0, 0.9442, 0.5627, 0.9442, 0.0, -0.3293, -0.3155, 0.0, 1.0, -0.0, 0.1183, 0, 0, 0, 1], [4.34, 0.2941, 0.0, 0.9558, 0.572, 0.9558, -0.0, -0.2941, -0.3024, 0.0, 1.0, -0.0, 0.1194, 0, 0, 0, 1], [4.36, 0.2581, -0.0, 0.9661, 0.5809, 0.9661, -0.0, -0.2581, -0.2889, 0.0, 1.0, -0.0, 0.1205, 0, 0, 0, 1], [4.38, 0.2215, 0.0, 0.9751, 0.5895, 0.9751, 0.0, -0.2215, -0.275, 0.0, 1.0, -0.0, 0.1215, 0, 0, 0, 1], [4.4, 0.1844, 0.0, 0.9829, 0.5978, 0.9829, 0.0, -0.1844, -0.2607, 0.0, 1.0, -0.0, 0.1224, 0, 0, 0, 1], [4.42, 0.1467, 0.0, 0.9892, 0.6056, 0.9892, 0.0, -0.1467, -0.246, 0.0, 1.0, -0.0, 0.1234, 0, 0, 0, 1], [4.44, 0.1087, 0.0, 0.9941, 0.6131, 0.9941, 0.0, -0.1087, -0.231, 0.0, 1.0, -0.0, 0.1242, 0, 0, 0, 1], [4.46, 0.0702, 0.0, 0.9975, 0.6201, 0.9975, 0.0, -0.0702, -0.2157, 0.0, 1.0, -0.0, 0.125, 0, 0, 0, 1], [4.48, 0.0314, 0.0, 0.9995, 0.6267, 0.9995, 0.0, -0.0314, -0.2, 0.0, 1.0, -0.0, 0.1258, 0, 0, 0, 1], [4.5, -0.0076, 0.0, 1.0, 0.6328, 1.0, -0.0, 0.0076, -0.1841, 0.0, 1.0, -0.0, 0.1264, 0, 0, 0, 1], [4.5200000000000005, -0.0468, -0.0, 0.9989, 0.6384, 0.9989, 0.0, 0.0468, -0.1679, 0.0, 1.0, -0.0, 0.1271, 0, 0, 0, 1], [4.54, -0.086, 0.0, 0.9963, 0.6435, 0.9963, -0.0, 0.086, -0.1514, 0.0, 1.0, -0.0, 0.1276, 0, 0, 0, 1], [4.5600000000000005, -0.1253, -0.0, 0.9921, 0.6481, 0.9921, 0.0, 0.1253, -0.1347, 0.0, 1.0, -0.0, 0.1282, 0, 0, 0, 1], [4.58, -0.1644, 0.0, 0.9864, 0.6522, 0.9864, 0.0, 0.1644, -0.1178, 0.0, 1.0, -0.0, 0.1286, 0, 0, 0, 1], [4.6000000000000005, -0.2035, 0.0, 0.9791, 0.6558, 0.9791, 0.0, 0.2035, -0.1007, 0.0, 1.0, -0.0, 0.129, 0, 0, 0, 1], [4.62, -0.2423, 0.0, 0.9702, 0.6588, 0.9702, 0.0, 0.2423, -0.0835, 0.0, 1.0, -0.0, 0.1293, 0, 0, 0, 1], [4.64, -0.2807, 0.0, 0.9598, 0.6612, 0.9598, -0.0, 0.2807, -0.0661, 0.0, 1.0, -0.0, 0.1296, 0, 0, 0, 1], [4.66, -0.3188, 0.0, 0.9478, 0.6631, 0.9478, 0.0, 0.3188, -0.0486, 0.0, 1.0, -0.0, 0.1298, 0, 0, 0, 1], [4.68, -0.3564, -0.0, 0.9343, 0.6644, 0.9343, 0.0, 0.3564, -0.0311, 0.0, 1.0, -0.0, 0.1299, 0, 0, 0, 1], [4.7, -0.3935, 0.0, 0.9193, 0.6652, 0.9193, -0.0, 0.3935, -0.0135, 0.0, 1.0, -0.0, 0.13, 0, 0, 0, 1], [4.72, -0.4299, 0.0, 0.9029, 0.6654, 0.9029, 0.0, 0.4299, 0.0041, 0.0, 1.0, -0.0, 0.13, 0, 0, 0, 1], [4.74, -0.4657, 0.0, 0.8849, 0.665, 0.8849, 0.0, 0.4657, 0.0217, 0.0, 1.0, -0.0, 0.1299, 0, 0, 0, 1], [4.76, -0.5007, 0.0, 0.8656, 0.664, 0.8656, 0.0, 0.5007, 0.0393, 0.0, 1.0, -0.0, 0.1298, 0, 0, 0, 1], [4.78, -0.5348, 0.0, 0.845, 0.6624, 0.845, -0.0, 0.5348, 0.0568, 0.0, 1.0, -0.0, 0.1296, 0, 0, 0, 1], [4.8, -0.5681, 0.0, 0.823, 0.6603, 0.823, 0.0, 0.5681, 0.0742, 0.0, 1.0, -0.0, 0.1294, 0, 0, 0, 1], [4.82, -0.6004, -0.0, 0.7997, 0.6576, 0.7997, 0.0, 0.6004, 0.0915, 0.0, 1.0, -0.0, 0.1291, 0, 0, 0, 1], [4.84, -0.6317, 0.0, 0.7752, 0.6544, 0.7752, 0.0, 0.6317, 0.1087, 0.0, 1.0, -0.0, 0.1287, 0, 0, 0, 1], [4.86, -0.6619, 0.0, 0.7496, 0.6507, 0.7496, 0.0, 0.6619, 0.1257, 0.0, 1.0, -0.0, 0.1283, 0, 0, 0, 1], [4.88, -0.691, 0.0, 0.7229, 0.6464, 0.7229, 0.0, 0.691, 0.1425, 0.0, 1.0, -0.0, 0.1278, 0, 0, 0, 1], [4.9, -0.7189, 0.0, 0.6951, 0.6416, 0.6951, 0.0, 0.7189, 0.1591, 0.0, 1.0, -0.0, 0.1272, 0, 0, 0, 1], [4.92, -0.7456, 0.0, 0.6664, 0.6362, 0.6664, 0.0, 0.7456, 0.1755, 0.0, 1.0, -0.0, 0.1266, 0, 0, 0, 1], [4.94, -0.7711, -0.0, 0.6368, 0.6304, 0.6368, 0.0, 0.7711, 0.1916, 0.0, 1.0, -0.0, 0.1259, 0, 0, 0, 1], [4.96, -0.7952, 0.0, 0.6063, 0.6241, 0.6063, 0.0, 0.7952, 0.2074, 0.0, 1.0, -0.0, 0.1252, 0, 0, 0, 1], [4.98, -0.8181, 0.0, 0.5751, 0.6174, 0.5751, 0.0, 0.8181, 0.2229, 0.0, 1.0, -0.0, 0.1244, 0, 0, 0, 1], [5.0, -0.8396, 0.0, 0.5432, 0.6102, 0.5432, 0.0, 0.8396, 0.2381, 0.0, 1.0, -0.0, 0.1236, 0, 0, 0, 1], [5.0200000000000005, -0.8597, -0.0, 0.5107, 0.6026, 0.5107, 0.0, 0.8597, 0.2529, 0.0, 1.0, -0.0, 0.1227, 0, 0, 0, 1], [5.04, -0.8785, -0.0, 0.4777, 0.5947, 0.4777, 0.0, 0.8785, 0.2674, 0.0, 1.0, -0.0, 0.1217, 0, 0, 0, 1], [5.0600000000000005, -0.8959, 0.0, 0.4442, 0.5863, 0.4442, 0.0, 0.8959, 0.2816, 0.0, 1.0, -0.0, 0.1207, 0, 0, 0, 1], [5.08, -0.9119, 0.0, 0.4103, 0.5776, 0.4103, -0.0, 0.9119, 0.2953, 0.0, 1.0, -0.0, 0.1197, 0, 0, 0, 1], [5.1000000000000005, -0.9266, 0.0, 0.3762, 0.5685, 0.3762, 0.0, 0.9266, 0.3086, 0.0, 1.0, -0.0, 0.1186, 0, 0, 0, 1], [5.12, -0.9398, 0.0, 0.3417, 0.5592, 0.3417, 0.0, 0.9398, 0.3216, 0.0, 1.0, -0.0, 0.1174, 0, 0, 0, 1], [5.14, -0.9517, 0.0, 0.3072, 0.5495, 0.3072, 0.0, 0.9517, 0.3341, 0.0, 1.0, -0.0, 0.1162, 0, 0, 0, 1], [5.16, -0.9622, -0.0, 0.2725, 0.5396, 0.2725, 0.0, 0.9622, 0.3462, 0.0, 1.0, -0.0, 0.115, 0, 0, 0, 1], [5.18, -0.9713, 0.0, 0.2378, 0.5295, 0.2378, -0.0, 0.9713, 0.3579, 0.0, 1.0, -0.0, 0.1137, 0, 0, 0, 1], [5.2, -0.9792, 0.0, 0.2031, 0.5191, 0.2031, 0.0, 0.9792, 0.3691, 0.0, 1.0, -0.0, 0.1124, 0, 0, 0, 1], [5.22, -0.9857, -0.0, 0.1686, 0.5086, 0.1686, 0.0, 0.9857, 0.3799, 0.0, 1.0, -0.0, 0.1111, 0, 0, 0, 1], [5.24, -0.9909, 0.0, 0.1342, 0.4979, 0.1342, -0.0, 0.9909, 0.3902, 0.0, 1.0, -0.0, 0.1097, 0, 0, 0, 1], [5.26, -0.995, 0.0, 0.1001, 0.487, 0.1001, -0.0, 0.995, 0.4001, 0.0, 1.0, -0.0, 0.1083, 0, 0, 0, 1], [5.28, -0.9978, 0.0, 0.0663, 0.4761, 0.0663, 0.0, 0.9978, 0.4096, 0.0, 1.0, -0.0, 0.1069, 0, 0, 0, 1], [5.3, -0.9995, 0.0, 0.0328, 0.465, 0.0328, 0.0, 0.9995, 0.4186, 0.0, 1.0, -0.0, 0.1054, 0, 0, 0, 1], [5.32, -1.0, 0.0, -0.0002, 0.4539, -0.0002, 0.0, 1.0, 0.4272, 0.0, 1.0, -0.0, 0.1039, 0, 0, 0, 1], [5.34, -0.9995, 0.0, -0.0328, 0.4428, -0.0328, 0.0, 0.9995, 0.4354, 0.0, 1.0, -0.0, 0.1024, 0, 0, 0, 1], [5.36, -0.9979, 0.0, -0.0649, 0.4316, -0.0649, 0.0, 0.9979, 0.4431, 0.0, 1.0, -0.0, 0.1009, 0, 0, 0, 1], [5.38, -0.9953, 0.0, -0.0965, 0.4204, -0.0965, 0.0, 0.9953, 0.4504, 0.0, 1.0, -0.0, 0.0993, 0, 0, 0, 1], [5.4, -0.9918, 0.0, -0.1274, 0.4092, -0.1274, 0.0, 0.9918, 0.4572, 0.0, 1.0, -0.0, 0.0978, 0, 0, 0, 1], [5.42, -0.9875, -0.0, -0.1578, 0.3981, -0.1578, 0.0, 0.9875, 0.4637, 0.0, 1.0, -0.0, 0.0962, 0, 0, 0, 1], [5.44, -0.9823, -0.0, -0.1875, 0.387, -0.1875, 0.0, 0.9823, 0.4698, 0.0, 1.0, -0.0, 0.0946, 0, 0, 0, 1], [5.46, -0.9763, 0.0, -0.2165, 0.376, -0.2165, 0.0, 0.9763, 0.4755, 0.0, 1.0, -0.0, 0.093, 0, 0, 0, 1], [5.48, -0.9696, 0.0, -0.2447, 0.3651, -0.2447, 0.0, 0.9696, 0.4808, 0.0, 1.0, -0.0, 0.0914, 0, 0, 0, 1], [5.5, -0.9622, 0.0, -0.2723, 0.3543, -0.2723, 0.0, 0.9622, 0.4857, 0.0, 1.0, -0.0, 0.0898, 0, 0, 0, 1], [5.5200000000000005, -0.9542, 0.0, -0.299, 0.3437, -0.299, 0.0, 0.9542, 0.4903, 0.0, 1.0, -0.0, 0.0882, 0, 0, 0, 1], [5.54, -0.9457, 0.0, -0.325, 0.3332, -0.325, 0.0, 0.9457, 0.4945, 0.0, 1.0, -0.0, 0.0866, 0, 0, 0, 1], [5.5600000000000005, -0.9367, -0.0, -0.3502, 0.3228, -0.3502, 0.0, 0.9367, 0.4984, 0.0, 1.0, -0.0, 0.085, 0, 0, 0, 1], [5.58, -0.9272, 0.0, -0.3746, 0.3127, -0.3746, -0.0, 0.9272, 0.502, 0.0, 1.0, -0.0, 0.0835, 0, 0, 0, 1], [5.6000000000000005, -0.9173, 0.0, -0.3982, 0.3027, -0.3982, 0.0, 0.9173, 0.5053, 0.0, 1.0, -0.0, 0.0819, 0, 0, 0, 1], [5.62, -0.9071, 0.0, -0.4209, 0.2929, -0.4209, 0.0, 0.9071, 0.5083, 0.0, 1.0, -0.0, 0.0803, 0, 0, 0, 1], [5.64, -0.8966, 0.0, -0.4429, 0.2833, -0.4429, 0.0, 0.8966, 0.511, 0.0, 1.0, -0.0, 0.0788, 0, 0, 0, 1], [5.66, -0.8859, 0.0, -0.464, 0.274, -0.464, 0.0, 0.8859, 0.5134, 0.0, 1.0, -0.0, 0.0772, 0, 0, 0, 1], [5.68, -0.8749, -0.0, -0.4842, 0.2649, -0.4842, 0.0, 0.8749, 0.5157, 0.0, 1.0, -0.0, 0.0757, 0, 0, 0, 1], [5.7, -0.8639, 0.0, -0.5037, 0.256, -0.5037, 0.0, 0.8639, 0.5176, 0.0, 1.0, -0.0, 0.0743, 0, 0, 0, 1], [5.72, -0.8528, 0.0, -0.5223, 0.2474, -0.5223, 0.0, 0.8528, 0.5194, 0.0, 1.0, -0.0, 0.0728, 0, 0, 0, 1], [5.74, -0.8416, 0.0, -0.5401, 0.239, -0.5401, 0.0, 0.8416, 0.5209, 0.0, 1.0, -0.0, 0.0714, 0, 0, 0, 1], [5.76, -0.8305, 0.0, -0.5571, 0.2309, -0.5571, 0.0, 0.8305, 0.5223, 0.0, 1.0, -0.0, 0.07, 0, 0, 0, 1], [5.78, -0.8194, -0.0, -0.5733, 0.2231, -0.5733, 0.0, 0.8194, 0.5235, 0.0, 1.0, -0.0, 0.0686, 0, 0, 0, 1], [5.8, -0.8084, 0.0, -0.5887, 0.2156, -0.5887, 0.0, 0.8084, 0.5245, 0.0, 1.0, -0.0, 0.0673, 0, 0, 0, 1], [5.82, -0.7975, 0.0, -0.6033, 0.2083, -0.6033, -0.0, 0.7975, 0.5253, 0.0, 1.0, -0.0, 0.066, 0, 0, 0, 1], [5.84, -0.7868, 0.0, -0.6172, 0.2013, -0.6172, 0.0, 0.7868, 0.526, 0.0, 1.0, -0.0, 0.0647, 0, 0, 0, 1], [5.86, -0.7763, 0.0, -0.6303, 0.1946, -0.6303, 0.0, 0.7763, 0.5266, 0.0, 1.0, -0.0, 0.0635, 0, 0, 0, 1], [5.88, -0.7661, 0.0, -0.6427, 0.1882, -0.6427, 0.0, 0.7661, 0.5271, 0.0, 1.0, -0.0, 0.0623, 0, 0, 0, 1], [5.9, -0.7562, 0.0, -0.6544, 0.1821, -0.6544, 0.0, 0.7562, 0.5275, 0.0, 1.0, -0.0, 0.0612, 0, 0, 0, 1], [5.92, -0.7465, 0.0, -0.6653, 0.1764, -0.6653, -0.0, 0.7465, 0.5278, 0.0, 1.0, -0.0, 0.0601, 0, 0, 0, 1], [5.94, -0.7373, 0.0, -0.6756, 0.1709, -0.6756, 0.0, 0.7373, 0.528, 0.0, 1.0, -0.0, 0.0591, 0, 0, 0, 1], [5.96, -0.7284, 0.0, -0.6852, 0.1657, -0.6852, 0.0, 0.7284, 0.5281, 0.0, 1.0, -0.0, 0.0581, 0, 0, 0, 1], [5.98, -0.7199, 0.0, -0.6941, 0.1608, -0.6941, 0.0, 0.7199, 0.5282, 0.0, 1.0, -0.0, 0.0571, 0, 0, 0, 1], [6.0, -0.7118, 0.0, -0.7024, 0.1562, -0.7024, -0.0, 0.7118, 0.5282, 0.0, 1.0, -0.0, 0.0562, 0, 0, 0, 1], [6.0200000000000005, -0.7042, 0.0, -0.71, 0.152, -0.71, 0.0, 0.7042, 0.5282, 0.0, 1.0, -0.0, 0.0554, 0, 0, 0, 1], [6.04, -0.697, 0.0, -0.717, 0.148, -0.717, 0.0, 0.697, 0.5282, 0.0, 1.0, -0.0, 0.0546, 0, 0, 0, 1], [6.0600000000000005, -0.6904, 0.0, -0.7235, 0.1444, -0.7235, 0.0, 0.6904, 0.5281, 0.0, 1.0, -0.0, 0.0539, 0, 0, 0, 1], [6.08, -0.6842, 0.0, -0.7293, 0.1411, -0.7293, 0.0, 0.6842, 0.528, 0.0, 1.0, -0.0, 0.0533, 0, 0, 0, 1], [6.1000000000000005, -0.6786, 0.0, -0.7345, 0.138, -0.7345, 0.0, 0.6786, 0.5279, 0.0, 1.0, -0.0, 0.0527, 0, 0, 0, 1], [6.12, -0.6735, 0.0, -0.7392, 0.1353, -0.7392, -0.0, 0.6735, 0.5278, 0.0, 1.0, -0.0, 0.0521, 0, 0, 0, 1], [6.140000000000001, -0.669, 0.0, -0.7433, 0.1329, -0.7433, 0.0, 0.669, 0.5277, 0.0, 1.0, -0.0, 0.0516, 0, 0, 0, 1], [6.16, -0.665, 0.0, -0.7468, 0.1309, -0.7468, 0.0, 0.665, 0.5276, 0.0, 1.0, -0.0, 0.0512, 0, 0, 0, 1], [6.18, -0.6617, 0.0, -0.7498, 0.1291, -0.7498, 0.0, 0.6617, 0.5275, 0.0, 1.0, -0.0, 0.0508, 0, 0, 0, 1], [6.2, -0.6589, 0.0, -0.7523, 0.1276, -0.7523, 0.0, 0.6589, 0.5274, 0.0, 1.0, -0.0, 0.0506, 0, 0, 0, 1], [6.22, -0.6567, 0.0, -0.7542, 0.1265, -0.7542, 0.0, 0.6567, 0.5274, 0.0, 1.0, -0.0, 0.0503, 0, 0, 0, 1], [6.24, -0.6551, 0.0, -0.7556, 0.1257, -0.7556, 0.0, 0.6551, 0.5273, 0.0, 1.0, -0.0, 0.0501, 0, 0, 0, 1], [6.26, -0.6541, 0.0, -0.7564, 0.1252, -0.7564, -0.0, 0.6541, 0.5273, 0.0, 1.0, -0.0, 0.05, 0, 0, 0, 1], [6.28, -0.6537, 0.0, -0.7568, 0.1249, -0.7568, 0.0, 0.6537, 0.5273, 0.0, 1.0, -0.0, 0.05, 0, 0, 0, 1]], material_var_box_id_139726675197904);
sceneElements.push(var_var_box_id_139726675197904);

//BEGIN DECLARATION OF THE ROBOT 'epsont6'

const object3d_base_epsont6_list = [];

const material_epsont6_obj_base_0 = new MeshPhysicalMaterial({
opacity: 1,
transparent: false,
aoMapIntensity: 1,
bumpScale: 1,
color: "gray",
emissive: "black",
emissiveIntensity: 1,
envMapIntensity: 1,
flatShading: false,
lightMapIntensity: 1,
metalness: 0.3,
normalScale: new Vector2(0.5,0.5),
refractionRatio: 0.98,
roughness: 0.5,
clearcoat: 1,
clearcoatNormalScale: new Vector2(1,1),
clearcoatRoughness: 0,
ior: 1.5,
reflectivity: 0.5,
sheen: 0,
sheenRoughness: 1,
sheenColor: "white",
specularIntensity: 0,
specularColor: "white",
transmission: 0,
});

const htm_epsont6_obj_base_0 = new Matrix4(); 
htm_epsont6_obj_base_0.set(1.0,0.0,0.0,0.0,0.0,0.0007963267107332633,-0.9999996829318346,0.0,0.0,0.9999996829318346,0.0007963267107332633,0.0,0.0,0.0,0.0,1.0);
const object3d_epsont6_obj_base_0={
url: 'https://cdn.jsdelivr.net/gh/viniciusmgn/uaibot_content@master/contents/EpsonT6/Base.obj',
scale: 0.001,
matrix: htm_epsont6_obj_base_0,
type: 'obj',
mesh_material: material_epsont6_obj_base_0};

object3d_base_epsont6_list.push(object3d_epsont6_obj_base_0);

const list_links_epsont6 = [];

const object3d_link_0_epsont6_list = [];

const material_link_0_epsont6_obj_0 = new MeshPhysicalMaterial({
opacity: 1,
transparent: false,
aoMapIntensity: 1,
bumpScale: 1,
color: "gray",
emissive: "black",
emissiveIntensity: 1,
envMapIntensity: 1,
flatShading: false,
lightMapIntensity: 1,
metalness: 0.3,
normalScale: new Vector2(0.5,0.5),
refractionRatio: 0.98,
roughness: 0.5,
clearcoat: 1,
clearcoatNormalScale: new Vector2(1,1),
clearcoatRoughness: 0,
ior: 1.5,
reflectivity: 0.5,
sheen: 0,
sheenRoughness: 1,
sheenColor: "white",
specularIntensity: 0,
specularColor: "white",
transmission: 0,
});

const htm_link_0_epsont6_obj_0 = new Matrix4(); 
htm_link_0_epsont6_obj_0.set(1.0,0.0,0.0,-0.325,0.0,0.0007963267107332633,-0.9999996829318346,0.0,0.0,0.9999996829318346,0.0007963267107332633,0.0,0.0,0.0,0.0,1.0);
const object3d_link_0_epsont6_obj_0={
url: 'https://cdn.jsdelivr.net/gh/viniciusmgn/uaibot_content@master/contents/EpsonT6/T6Axis1.obj',
scale: 0.001,
matrix: htm_link_0_epsont6_obj_0,
type: 'obj',
mesh_material: material_link_0_epsont6_obj_0};

object3d_link_0_epsont6_list.push(object3d_link_0_epsont6_obj_0);
const material_link_0_epsont6_obj_1 = new MeshPhysicalMaterial({
opacity: 1,
transparent: false,
aoMapIntensity: 1,
bumpScale: 1,
color: "black",
emissive: "black",
emissiveIntensity: 1,
envMapIntensity: 1,
flatShading: false,
lightMapIntensity: 1,
metalness: 0,
normalScale: new Vector2(1,1),
refractionRatio: 0.98,
roughness: 1,
clearcoat: 0,
clearcoatNormalScale: new Vector2(1,1),
clearcoatRoughness: 0,
ior: 1.5,
reflectivity: 0.5,
sheen: 0,
sheenRoughness: 1,
sheenColor: "white",
specularIntensity: 0,
specularColor: "white",
transmission: 0,
});

const htm_link_0_epsont6_obj_1 = new Matrix4(); 
htm_link_0_epsont6_obj_1.set(6.341362302272584e-07,-0.0007963264582434141,0.9999996829318346,0.0,0.9999996829318346,0.0007963267107332633,0.0,0.0,-0.0007963264582434141,0.9999993658637698,0.0007963267107332633,0.22,0.0,0.0,0.0,1.0);
const object3d_link_0_epsont6_obj_1={
url: 'https://cdn.jsdelivr.net/gh/viniciusmgn/uaibot_content@master/contents/EpsonT6/T6Cable.obj',
scale: 0.001,
matrix: htm_link_0_epsont6_obj_1,
type: 'obj',
mesh_material: material_link_0_epsont6_obj_1};

object3d_link_0_epsont6_list.push(object3d_link_0_epsont6_obj_1);

const link_0_epsont6 = {
theta: 0, 
d: 0, 
a: 0.325, 
alpha: 0, 
jointType: 0, 
showFrame: false,
model3d: object3d_link_0_epsont6_list}; 
 
list_links_epsont6.push(link_0_epsont6);

