<html>
<style>
.controller:hover{opacity:1 !important;}
</style>
<body>
<div id='canvas_container_1697577238632143' style='width:400px;height:500px;position:relative'>
<div id='loading_screen_1697577238632143' style='width:400px;height:500px;position:relative; background-color: #19bd39;text-align:center;align-items:center;display:flex;justify-content:center'> 
 <img src='https://cdn.jsdelivr.net/gh/viniciusmgn/uaibot_content@master/contents/SVG/logo_uai_bot.svg' style='width:200px;height:114px'/>
 </div>
<script id='MathJax-script' async src='https://cdn.jsdelivr.net/npm/mathjax@3.0.1/es5/tex-mml-chtml.js'></script>
<canvas id='scene_1697577238632143' width='400px' height='500px'></canvas>
<!-- USER DIVS GO HERE --><div class = 'controller' style='width:400px;height:30px;'></div>
</div>

 <script type="module">
import { Object3D, Vector3, BoxBufferGeometry, Color, Mesh, MeshBasicMaterial, PerspectiveCamera, OrthographicCamera,
Scene, WebGLRenderer, AmbientLight, DirectionalLight, HemisphereLight, MeshStandardMaterial,
AxesHelper, GridHelper, Matrix4, SphereBufferGeometry, CylinderBufferGeometry, ConeGeometry, Group, LoadingManager, MeshPhysicalMaterial, Vector2, FrontSide,
	BackSide, DoubleSide, PMREMGenerator, TextureLoader, PointLight, UVMapping, CubeReflectionMapping, CubeRefractionMapping,
	EquirectangularReflectionMapping, EquirectangularRefractionMapping, CubeUVReflectionMapping,
	CubeUVRefractionMapping, RepeatWrapping, ClampToEdgeWrapping, MirroredRepeatWrapping,
	NearestFilter, LinearFilter, NearestMipmapNearestFilter, NearestMipmapLinearFilter, LinearMipmapNearestFilter,
	LinearMipmapLinearFilter, BufferGeometry, Float32BufferAttribute, PointsMaterial, Points, ArrowHelper, TextGeometry, CubeTextureLoader,sRGBEncoding
} from 'https://cdn.skypack.dev/three@0.135.0/build/three.module.js';
import { OrbitControls } from 'https://cdn.skypack.dev/three@0.135.0/examples/jsm/controls/OrbitControls.js';
import {OBJLoader} from 'https://cdn.skypack.dev/three@0.135.0/examples/jsm/loaders/OBJLoader.js';
import {STLLoader} from 'https://cdn.skypack.dev/three@0.135.0/examples/jsm/loaders/STLLoader.js';
import {ColladaLoader} from 'https://cdn.skypack.dev/three@0.135.0/examples/jsm/loaders/ColladaLoader.js';
import {GUI} from 'https://cdn.skypack.dev/dat.gui';
import {ParametricGeometry} from 'https://cdn.skypack.dev/three@0.135.0/examples/jsm/geometries/ParametricGeometry.js'


//0.126.1 0.137.5
import { RoomEnvironment } from 'https://unpkg.com/three@0.126.1/examples/jsm/environments/RoomEnvironment.js';

//--------------------SIMULATION ELEMENTS---------------------

const delay = 500; 
 const maxTime = 19.98; 
 const cameraType= 'perspective'; 
 const sceneID= '1697577238632143'; 
 const showWorldFrame=true; 
 const showGrid=true; 
 const backgroundColor='white'; 
 const ambientLightIntensity = 12;
 const ldrUrls = [];
 const cameraStartPose = [1.76, 1.1, 1.45, -0.64, 0.76, 2.39, 1.0];
 //SIMULATION PARAMETERS GO HERE

function elapsedMs()
{
	return (new Date()).getTime();
}


class Objsim{
	constructor(_frames){
		this.frames = _frames;
		this.currentFrame = 0;
		this.shape = "I HAVE NO SHAPE YET";
	}

	hasLoaded()
	{
		return true;
	}

	nextFrame(){
		while( (this.currentFrame < this.frames.length-1) && ( 1000 * this.frames[this.currentFrame+1][0] + delay < (elapsedMs() - startMs)) )
		{
			this.currentFrame += 1;
		}
	}
	setFrameTime(time)
	{
		this.currentFrame = 0;
		while( (this.currentFrame < this.frames.length-1) && ( this.frames[this.currentFrame+1][0] < time) )
		{
			this.currentFrame += 1;
		}
	}
	showFrame(){
		this.shape.matrix.set( this.frames[this.currentFrame][ 1],this.frames[this.currentFrame][ 2],this.frames[this.currentFrame][ 3],this.frames[this.currentFrame][ 4],
							   this.frames[this.currentFrame][ 5],this.frames[this.currentFrame][ 6],this.frames[this.currentFrame][ 7],this.frames[this.currentFrame][ 8],
							   this.frames[this.currentFrame][ 9],this.frames[this.currentFrame][10],this.frames[this.currentFrame][11],this.frames[this.currentFrame][12],
							   this.frames[this.currentFrame][13],this.frames[this.currentFrame][14],this.frames[this.currentFrame][15],this.frames[this.currentFrame][16]);


	}
	setEnvMap(envMap)
	{
		this.shape.material.envMap = envMap;
		this.shape.material.needsUpdate = true;
	}
}

class Box extends Objsim{
	constructor(_width, _height, _depth, _frames, _material){
		super(_frames);
		this.width = _width;
		this.height = _height;
		this.depth = _depth;
		const geometry = new BoxBufferGeometry( this.width, this.height, this.depth);
		const cube = new Mesh( geometry, _material );
		cube.matrixAutoUpdate = false;
		this.shape = cube;
	}
}

class Ball extends Objsim{
	constructor(_radius, _frames, _material){
		super(_frames);
		this.radius = _radius;
		const geometry = new SphereBufferGeometry( this.radius, 64, 32);
		const sphere = new Mesh( geometry, _material);
		sphere.matrixAutoUpdate = false;
		this.shape = sphere;
	}
}

class Cylinder extends Objsim{
	constructor(_radius, _height, _frames, _material){
		super(_frames);
		this.radius = _radius;
		this.height = _height;
		const geometry = new CylinderBufferGeometry( this.radius, this.radius, this.height, 20 );
		const cylinder = new Mesh( geometry, _material);
		cylinder.matrixAutoUpdate = false;
		this.shape = cylinder;
	}
}

class Cone extends Objsim{
	constructor(_radius, _height, _frames, _material){
		super(_frames);
		this.radius = _radius;
		this.height = _height;
		const geometry = new ConeGeometry( this.radius, this.height, 20, 5, false, 0.0, 6.28 );
		const cone = new Mesh( geometry, _material);
		cone.matrixAutoUpdate = false;
		this.shape = cone;
	}
}

function signFun(x,n){
	return Math.sign(x)*( Math.pow(Math.abs(x),n))
}

class SmoothBox extends Objsim{



	constructor(_width, _height, _depth, _frames, _material){
		super(_frames);
		this.width = _width;
		this.height = _height;
		this.depth = _depth;

		const geometry = new ParametricGeometry( function fun(u,v,target) {
			let cosu = signFun(Math.cos(0.0001*Math.PI + 0.9999*Math.PI*u),0.5)
			let sinu = signFun(Math.sin(0.0001*Math.PI + 0.9999*Math.PI*u),0.5)
			let cosv = signFun(Math.cos(2*Math.PI*v),0.5)
			let sinv = signFun(Math.sin(2*Math.PI*v),0.5)

			let x = (_width/2)*sinu*cosv;
			let y = (_height/2)*sinu*sinv;
			let z = (_depth/2)*cosu;

	    	target.set( x, y, z );

		}, 25, 25 );


		const smoothCube = new Mesh( geometry, _material );
		smoothCube.matrixAutoUpdate = false;
		this.shape = smoothCube;
	}



}

class PointCloud extends Objsim{

	constructor(_points, _frames, _color, _size) {
		super(_frames);

		this.color = _color;
		this.points = _points
		this.size = _size;

		const vertices = []
		const geometry = new BufferGeometry();
		geometry.setAttribute('position', new Float32BufferAttribute(vertices, 3));
		const material = new PointsMaterial({color: this.color, size: this.size});
		this.shape  = new Points(geometry, material);
	}

	showFrame(){
		const vertices = [];

		for (let i = this.frames[this.currentFrame][1]; i < this.frames[this.currentFrame][2]; i++) {
			vertices.push(this.points[0][i], this.points[1][i], this.points[2][i]);
		}

		this.shape.geometry.setAttribute('position', new Float32BufferAttribute(vertices, 3));

	}

	setEnvMap(envMap) {}

}

class RigidObject extends Objsim
{

	constructor(_frames, _list_3dobject) {
		super(_frames);

		this.shape = new Group();
		this.shape.matrixAutoUpdate = false;

		const manager = new LoadingManager();

		let loader;

		for (let i = 0; i < _list_3dobject.length; i++) {
			const _3dobject = _list_3dobject[i];
			if (_3dobject.type === 'obj') {
				loader = new OBJLoader(manager);
				loader.load(_3dobject.url, (root) => {

					root.scale.set(_3dobject.scale, _3dobject.scale, _3dobject.scale);
					root.applyMatrix4(_3dobject.matrix)

					root.traverse(function (child) {
						if (child instanceof Mesh) {
							child.material = _3dobject.mesh_material;
						}
					});

					this.shape.add(root);
				});
			}
			if (_3dobject.type === 'stl') {
				loader = new STLLoader(manager);
				loader.load(_3dobject.url, (root) => {
					const mesh = new Mesh(root);

					mesh.scale.set(_3dobject.scale, _3dobject.scale, _3dobject.scale);
					mesh.applyMatrix4(_3dobject.matrix)

					mesh.traverse(function (child) {
						if (child instanceof Mesh) {
							child.material = _3dobject.mesh_material;
						}
					});

					this.shape.add(mesh);
				});
			}
			if (_3dobject.type === 'dae') {
				loader = new ColladaLoader(manager);
				loader.load(_3dobject.url, (root) => {
					const group = root.scene;

					group.scale.set(_3dobject.scale, _3dobject.scale, _3dobject.scale);
					group.applyMatrix4(_3dobject.matrix)

					group.traverse(function (child) {
						if (child instanceof Mesh) {
							child.material = _3dobject.mesh_material;
						}
					});

					this.shape.add(group);
				});
			}
		}

	}

	setEnvMapTemp(variable, envMap)
	{
		if(variable instanceof Mesh)
		{
			variable.material.envMap = envMap;
			variable.material.needsUpdate  = true;
		}
		else if (variable instanceof Group)
		{
			for(let i=0; i < variable.children.length; i++)
			{
				this.setEnvMapTemp(variable.children[i]);
			}
		}
	}
	setEnvMap(envMap) {
		this.setEnvMapTemp(this.shape, envMap);
	}

}

class Vector extends Objsim {


	constructor(_frames, _color, _thickness, _origin, _dir, _length) {
		super(_frames);

		this.color = _color;
		this.thickness = _thickness
		this.origin = new Vector3(_origin[0], _origin[1], _origin[2]);
		this.dir =  new Vector3(_dir[0], _dir[1], _dir[2]);
		this._length = length

		this.shape = new ArrowHelper( this.dir, this.origin, this.length, this.color );
		this.shape.line.material.linewidth = this.thickness;

	}

	showFrame() {
		this.shape.setLength(this.frames[this.currentFrame][3]);
		const dir = this.frames[this.currentFrame][2];
		const origin = this.frames[this.currentFrame][1];

		this.shape.setDirection(new Vector3(dir[0], dir[1], dir[2]));
		this.shape.position.set(origin[0], origin[1], origin[2]);
	}
	setEnvMap(envMap) {}
}

class PointLightSim extends Objsim {


	constructor(_frames) {
		super(_frames);
		this.shape = new PointLight(this.frames[0][1],this.frames[0][2],this.frames[0][3]);
		this.shape.position.set(this.frames[0][4][0],this.frames[0][4][1],this.frames[0][4][2]);
	}

	showFrame() {
		this.shape.color.set(this.frames[this.currentFrame][1]);
		this.shape.intensity = this.frames[this.currentFrame][2];
		this.shape.distance = this.frames[this.currentFrame][3];
		this.shape.position.set(this.frames[this.currentFrame][4][0],this.frames[this.currentFrame][4][1],this.frames[this.currentFrame][4][2]);
	}
	setEnvMap(envMap) {}
}

class HTMLDiv extends Objsim{

	constructor(_id, _frames){
		super(_frames);
		this.id = _id;
		this.shape = undefined;
	}

	showFrame() {
		var element = document.getElementById(this.id);

		element.innerHTML = this.frames[this.currentFrame][1];
		element.style.position = "absolute";
		element.style = this.frames[this.currentFrame][2];
	}
	setEnvMap(envMap) {}
}

class Robot extends Objsim{

	constructor(_objBase, _link, _frames, _htm_base_0, _htm_n_eef, _eef_frame_visible){
		super(_frames);

		this.loadedObjs = 0
		this.links = _link;

		this.totalNumberOfObjects = _objBase.length;

		for(let i=0; i<this.links.length; i++)
		{
			this.totalNumberOfObjects+= this.links[i].model3d.length;
		}

		this.htm_base_0 = _htm_base_0;

		//Function that creates a generic robot
		const base = new Group();
		base.name = "base";

		const baseFrame = new Group();
		baseFrame.name = "baseFrame";
		baseFrame.applyMatrix4(this.htm_base_0);


		//Create link groups
		let linkGroupList = [];

		for (let i = 0; i <= this.links.length; i++) {

			var linkGroup = new Group();
			linkGroup.name = "linkFrame" + i.toString();
			linkGroupList.push(linkGroup);

			linkGroup = new Group();
			linkGroup.name = "link" + i.toString();
			var axesHelper = new AxesHelper(0.2);
			axesHelper.matrixAutoUpdate = false;
			axesHelper.visible = true;
			linkGroup.add(axesHelper)

			if (i < this.links.length) {
				linkGroup.rotateZ(this.links[i].theta);
				linkGroup.translateZ(this.links[i].d);
				linkGroup.rotateX(this.links[i].alpha);
				linkGroup.translateX(this.links[i].a);
			}


			linkGroup.updateMatrix();

			linkGroupList.push(linkGroup);
		}

		var linkGroup = new Group();
		linkGroup.name = "eefFrame";
		linkGroupList.push(linkGroup);

		linkGroup = new Group();
		linkGroup.name = "eef";
		var axesHelper = new AxesHelper(0.2);
		axesHelper.matrixAutoUpdate = false;
		axesHelper.visible = _eef_frame_visible;
		linkGroup.add(axesHelper);
		linkGroup.applyMatrix4(_htm_n_eef)
		linkGroup.updateMatrix();
		linkGroupList.push(linkGroup);


		base.add(baseFrame)
		baseFrame.add(linkGroupList[0])

		for (let i = 0; i < linkGroupList.length-1; i++) {
			linkGroupList[i].add(linkGroupList[i + 1])
		}

		//Load 3D models

		this.shape = base;
		this.shape.matrixAutoUpdate = false;

		this.loadObj(_objBase,"base", "base", false)
		for (let i = 0; i < this.links.length-1; i++) {
			this.loadObj(this.links[i].model3d,"link" + (i+1).toString(), "link" + (i).toString(), this.links[i].showFrame)
		}
		this.loadObj(this.links[this.links.length-1].model3d,"link" + (this.links.length).toString(), "link" + (this.links.length).toString(), false)

		this.delta_config = []

		for (let i = 0; i < this.links.length; i++) {
			if(this.links[i].jointType == 0)
			{
				this.delta_config.push(this.shape.getObjectByName("link" + (i).toString()).rotation.z)
			}
			if(this.links[i].jointType == 1)
			{
				this.delta_config.push(this.shape.getObjectByName("link" + (i).toString()).position.z)

			}
		}

	}

	loadObj(obj, name1, name2, axisVisible) {

		const manager = new LoadingManager();
		const objLoader = new OBJLoader(manager);
		const stlLoader = new STLLoader(manager);
		const colladaLoader = new ColladaLoader(manager);

		for (let i = 0; i < obj.length; i++) {


			if (obj[i].type == "obj") {
				objLoader.load(obj[i].url, (root) => {
					root.scale.set(obj[i].scale, obj[i].scale, obj[i].scale);
					root.applyMatrix4(obj[i].matrix)

					root.traverse(function (child) {
						if (child instanceof Mesh) {
							child.material = obj[i].mesh_material;
						}
					});

					this.shape.getObjectByName(name2).add(root);
					this.loadedObjs += 1
				});
			}
			if (obj[i].type == "stl") {
				stlLoader.load(obj[i].url, (root) => {
					const mesh = new Mesh(root);
					mesh.scale.set(obj[i].scale, obj[i].scale, obj[i].scale);
					mesh.applyMatrix4(obj[i].matrix)

					mesh.traverse(function (child) {
						if (child instanceof Mesh) {
							child.material = obj[i].mesh_material;
						}
					});

					this.shape.getObjectByName(name2).add(mesh);
					this.loadedObjs += 1
				});
			}
			if (obj[i].type == "dae") {
				colladaLoader.load(obj[i].url, (root) => {
					const group = root.scene;
					group.scale.set(obj[i].scale, obj[i].scale, obj[i].scale);
					group.applyMatrix4(obj[i].matrix)

					group.traverse(function (child) {
						if (child instanceof Mesh) {
							child.material = obj[i].mesh_material;
						}
					});

					this.shape.getObjectByName(name2).add(group);
					this.loadedObjs += 1
				});
			}

		}

		this.shape.getObjectByName(name1).getObjectByProperty("type", "AxesHelper").visible = axisVisible;
	}

	hasLoaded()
	{
		return this.loadedObjs == this.totalNumberOfObjects;
	}

	//Function that updates frames
	showFrame(){
		//setting robot position
		this.shape.matrix.set( this.frames[this.currentFrame][ 1],this.frames[this.currentFrame][ 2],this.frames[this.currentFrame][ 3],this.frames[this.currentFrame][ 4],
							   this.frames[this.currentFrame][ 5],this.frames[this.currentFrame][ 6],this.frames[this.currentFrame][ 7],this.frames[this.currentFrame][ 8],
							   this.frames[this.currentFrame][ 9],this.frames[this.currentFrame][10],this.frames[this.currentFrame][11],this.frames[this.currentFrame][12],
							   this.frames[this.currentFrame][13],this.frames[this.currentFrame][14],this.frames[this.currentFrame][15],this.frames[this.currentFrame][16]);
		//setting robot configuration

		if(this.frames[this.currentFrame][17] != undefined){

			for(let i = 0; i < this.links.length; i++){
				const linkName = "linkFrame" + (i).toString();

				if(this.links[i].jointType == 0){
					this.shape.getObjectByName(linkName).rotation.z = this.frames[this.currentFrame][17][i] + this.delta_config[i];
				}else if (this.links[i].jointType == 1){
					this.shape.getObjectByName(linkName).position.z = this.frames[this.currentFrame][17][i] + this.delta_config[i];
				}

			}
		}
	}

	setEnvMapTemp(variable, envMap)
	{
		if(variable instanceof Mesh)
		{
			variable.material.envMap = envMap;
			variable.material.needsUpdate  = true;
		}
		else if (variable instanceof Group)
		{
			for(let i=0; i < variable.children.length; i++)
			{
				this.setEnvMapTemp(variable.children[i]);
			}
		}
	}
	setEnvMap(envMap) {
		this.setEnvMapTemp(this.shape, envMap);
	}
}

//------------------------------------------------------------

//--------------- BASIC ELEMENTS OF ANY SCENE ----------------

Object3D.DefaultUp = new Vector3(0,0,1); //Pointing Z axis up
const canvas = document.getElementById('scene_'+sceneID);// Selecting canvas

const scene = new Scene();//Instantiate the Scene
scene.background = new Color(backgroundColor);//Set background color

let camera;

if (cameraType == "perspective") {
	camera = new PerspectiveCamera(60, canvas.clientWidth / canvas.clientHeight, 0.1, 100);//Instantiate a camera
}
if (cameraType == "orthographic") {
	camera = new OrthographicCamera(-3.2, 3.2, 2.4, -2.4, 0.01, 100);
}



var ambientLight = new HemisphereLight('white','darkslategrey', 3);//Instantiate Ambient light
ambientLight.intensity = ambientLightIntensity;
scene.add(ambientLight);

const controls = new OrbitControls(camera, canvas);	//Instantiate orbit controls
//controls.target.set(0, 0, 0);//Point camera at the origin

camera.position.set(cameraStartPose[0], cameraStartPose[1], cameraStartPose[2]);
camera.rotation.set(cameraStartPose[3], cameraStartPose[4], cameraStartPose[5]);
camera.zoom = cameraStartPose[6];
camera.updateProjectionMatrix();

const renderer = new WebGLRenderer({canvas, antialias: true});//Instantiate renderer
renderer.physicallyCorrectLights = true;//Enable physically Correct Lights
renderer.setSize(canvas.clientWidth, canvas.clientHeight);//Set render size
renderer.setPixelRatio(window.devicePixelRatio);//Set pixel ratio

let sceneElements = [];

if (showWorldFrame) {
	const axesHelper = new AxesHelper(0.5);
	axesHelper.renderOrder = 1;
	scene.add(axesHelper);
}

if (showGrid) {
	const gridHelper = new GridHelper(6, 12);
	scene.add(gridHelper);
	gridHelper.rotation.x = 3.14 / 2;
}





//------------------------------------------------------------

//--------------- ADDING ELEMENTS TO THIS SCENE ---------------

//BEGIN DECLARATION OF THE CYLINDER 'var_cylinder_id_132435227939680'

const material_var_cylinder_id_132435227939680 = new MeshPhysicalMaterial({
opacity: 1,
transparent: false,
aoMapIntensity: 1,
bumpScale: 1,
color: "red",
emissive: "black",
emissiveIntensity: 1,
envMapIntensity: 1,
flatShading: false,
lightMapIntensity: 1,
metalness: 0,
normalScale: new Vector2(1,1),
refractionRatio: 0.98,
roughness: 1,
clearcoat: 0,
clearcoatNormalScale: new Vector2(1,1),
clearcoatRoughness: 0,
ior: 1.5,
reflectivity: 0.5,
sheen: 0,
sheenRoughness: 1,
sheenColor: "white",
specularIntensity: 0,
specularColor: "white",
transmission: 0,
});


const var_var_cylinder_id_132435227939680 = new Cylinder(0.1,0.3,[[0, 1.0, 0.0, -0.0, 0.0, 0.0, 0.0, -1.0, 0.0, 0.0, 1.0, -0.0, 0.0, 0, 0, 0, 1], [0.0, 1.0, 0.0, -0.0, 0.0, 0.0, 0.0, -1.0, 0.0, -0.0, 1.0, -0.0, 1.0, 0, 0, 0, 1], [0.02, 1.0, 0.01, -0.0, 0.0, 0.0, 0.0, -1.0, 0.0, -0.01, 1.0, -0.0, 1.0, 0, 0, 0, 1], [0.04, 0.9998, 0.02, -0.0, 0.0, 0.0, 0.0, -1.0, 0.0, -0.02, 0.9998, -0.0, 0.9998, 0, 0, 0, 1], [0.06, 0.9996, 0.03, -0.0, 0.0, 0.0, 0.0, -1.0, 0.0, -0.03, 0.9996, -0.0, 0.9996, 0, 0, 0, 1], [0.08, 0.9992, 0.04, -0.0, 0.0, 0.0, 0.0, -1.0, 0.0, -0.04, 0.9992, -0.0, 0.9992, 0, 0, 0, 1], [0.1, 0.9988, 0.05, -0.0, 0.0, 0.0, 0.0, -1.0, 0.0, -0.05, 0.9988, -0.0, 0.9988, 0, 0, 0, 1], [0.12, 0.9982, 0.06, -0.0, 0.0, 0.0, 0.0, -1.0, 0.0, -0.06, 0.9982, -0.0, 0.9982, 0, 0, 0, 1], [0.14, 0.9976, 0.0699, -0.0, 0.0, 0.0, 0.0, -1.0, 0.0, -0.0699, 0.9976, -0.0, 0.9976, 0, 0, 0, 1], [0.16, 0.9968, 0.0799, -0.0, 0.0, 0.0, 0.0, -1.0, 0.0, -0.0799, 0.9968, -0.0, 0.9968, 0, 0, 0, 1], [0.18, 0.996, 0.0899, -0.0, 0.0, 0.0, 0.0, -1.0, 0.0, -0.0899, 0.996, -0.0, 0.996, 0, 0, 0, 1], [0.2, 0.995, 0.0998, -0.0, 0.0, 0.0, 0.0, -1.0, 0.0, -0.0998, 0.995, -0.0, 0.995, 0, 0, 0, 1], [0.22, 0.994, 0.1098, -0.0, 0.0, 0.0, 0.0, -1.0, 0.0, -0.1098, 0.994, -0.0, 0.994, 0, 0, 0, 1], [0.24, 0.9928, 0.1197, -0.0, 0.0, 0.0, 0.0, -1.0, 0.0, -0.1197, 0.9928, -0.0, 0.9928, 0, 0, 0, 1], [0.26, 0.9916, 0.1296, -0.0, 0.0, 0.0, 0.0, -1.0, 0.0, -0.1296, 0.9916, -0.0, 0.9916, 0, 0, 0, 1], [0.28, 0.9902, 0.1395, -0.0, 0.0, 0.0, 0.0, -1.0, 0.0, -0.1395, 0.9902, -0.0, 0.9902, 0, 0, 0, 1], [0.3, 0.9888, 0.1494, -0.0, 0.0, 0.0, 0.0, -1.0, 0.0, -0.1494, 0.9888, -0.0, 0.9888, 0, 0, 0, 1], [0.32, 0.9872, 0.1593, -0.0, 0.0, 0.0, 0.0, -1.0, 0.0, -0.1593, 0.9872, -0.0, 0.9872, 0, 0, 0, 1], [0.34, 0.9856, 0.1692, -0.0, 0.0, 0.0, 0.0, -1.0, 0.0, -0.1692, 0.9856, -0.0, 0.9856, 0, 0, 0, 1], [0.36, 0.9838, 0.179, -0.0, 0.0, 0.0, 0.0, -1.0, 0.0, -0.179, 0.9838, -0.0, 0.9838, 0, 0, 0, 1], [0.38, 0.982, 0.1889, -0.0, 0.0, 0.0, 0.0, -1.0, 0.0, -0.1889, 0.982, -0.0, 0.982, 0, 0, 0, 1], [0.4, 0.9801, 0.1987, -0.0, 0.0, 0.0, 0.0, -1.0, 0.0, -0.1987, 0.9801, -0.0, 0.9801, 0, 0, 0, 1], [0.42, 0.978, 0.2085, -0.0, 0.0, 0.0, 0.0, -1.0, 0.0, -0.2085, 0.978, -0.0, 0.978, 0, 0, 0, 1], [0.44, 0.9759, 0.2182, -0.0, 0.0, 0.0, 0.0, -1.0, 0.0, -0.2182, 0.9759, -0.0, 0.9759, 0, 0, 0, 1], [0.46, 0.9737, 0.228, -0.0, 0.0, 0.0, 0.0, -1.0, 0.0, -0.228, 0.9737, -0.0, 0.9737, 0, 0, 0, 1], [0.48, 0.9713, 0.2377, -0.0, 0.0, 0.0, 0.0, -1.0, 0.0, -0.2377, 0.9713, -0.0, 0.9713, 0, 0, 0, 1], [0.5, 0.9689, 0.2474, -0.0, 0.0, 0.0, 0.0, -1.0, 0.0, -0.2474, 0.9689, -0.0, 0.9689, 0, 0, 0, 1], [0.52, 0.9664, 0.2571, -0.0, 0.0, 0.0, 0.0, -1.0, 0.0, -0.2571, 0.9664, -0.0, 0.9664, 0, 0, 0, 1], [0.54, 0.9638, 0.2667, -0.0, 0.0, 0.0, 0.0, -1.0, 0.0, -0.2667, 0.9638, -0.0, 0.9638, 0, 0, 0, 1], [0.56, 0.9611, 0.2764, -0.0, 0.0, 0.0, 0.0, -1.0, 0.0, -0.2764, 0.9611, -0.0, 0.9611, 0, 0, 0, 1], [0.58, 0.9582, 0.286, -0.0, 0.0, 0.0, 0.0, -1.0, 0.0, -0.286, 0.9582, -0.0, 0.9582, 0, 0, 0, 1], [0.6, 0.9553, 0.2955, -0.0, 0.0, 0.0, 0.0, -1.0, 0.0, -0.2955, 0.9553, -0.0, 0.9553, 0, 0, 0, 1], [0.62, 0.9523, 0.3051, -0.0, 0.0, 0.0, 0.0, -1.0, 0.0, -0.3051, 0.9523, -0.0, 0.9523, 0, 0, 0, 1], [0.64, 0.9492, 0.3146, -0.0, 0.0, 0.0, 0.0, -1.0, 0.0, -0.3146, 0.9492, -0.0, 0.9492, 0, 0, 0, 1], [0.66, 0.946, 0.324, -0.0, 0.0, 0.0, 0.0, -1.0, 0.0, -0.324, 0.946, -0.0, 0.946, 0, 0, 0, 1], [0.68, 0.9428, 0.3335, -0.0, 0.0, 0.0, 0.0, -1.0, 0.0, -0.3335, 0.9428, -0.0, 0.9428, 0, 0, 0, 1], [0.7000000000000001, 0.9394, 0.3429, -0.0, 0.0, 0.0, 0.0, -1.0, 0.0, -0.3429, 0.9394, -0.0, 0.9394, 0, 0, 0, 1], [0.72, 0.9359, 0.3523, -0.0, 0.0, 0.0, 0.0, -1.0, 0.0, -0.3523, 0.9359, -0.0, 0.9359, 0, 0, 0, 1], [0.74, 0.9323, 0.3616, -0.0, 0.0, 0.0, 0.0, -1.0, 0.0, -0.3616, 0.9323, -0.0, 0.9323, 0, 0, 0, 1], [0.76, 0.9287, 0.3709, -0.0, 0.0, 0.0, 0.0, -1.0, 0.0, -0.3709, 0.9287, -0.0, 0.9287, 0, 0, 0, 1], [0.78, 0.9249, 0.3802, -0.0, 0.0, 0.0, 0.0, -1.0, 0.0, -0.3802, 0.9249, -0.0, 0.9249, 0, 0, 0, 1], [0.8, 0.9211, 0.3894, -0.0, 0.0, 0.0, 0.0, -1.0, 0.0, -0.3894, 0.9211, -0.0, 0.9211, 0, 0, 0, 1], [0.8200000000000001, 0.9171, 0.3986, -0.0, 0.0, 0.0, 0.0, -1.0, 0.0, -0.3986, 0.9171, -0.0, 0.9171, 0, 0, 0, 1], [0.84, 0.9131, 0.4078, -0.0, 0.0, 0.0, 0.0, -1.0, 0.0, -0.4078, 0.9131, -0.0, 0.9131, 0, 0, 0, 1], [0.86, 0.909, 0.4169, -0.0, 0.0, 0.0, 0.0, -1.0, 0.0, -0.4169, 0.909, -0.0, 0.909, 0, 0, 0, 1], [0.88, 0.9048, 0.4259, -0.0, 0.0, 0.0, 0.0, -1.0, 0.0, -0.4259, 0.9048, -0.0, 0.9048, 0, 0, 0, 1], [0.9, 0.9004, 0.435, -0.0, 0.0, 0.0, 0.0, -1.0, 0.0, -0.435, 0.9004, -0.0, 0.9004, 0, 0, 0, 1], [0.92, 0.8961, 0.4439, -0.0, 0.0, 0.0, 0.0, -1.0, 0.0, -0.4439, 0.8961, -0.0, 0.8961, 0, 0, 0, 1], [0.9400000000000001, 0.8916, 0.4529, -0.0, 0.0, 0.0, 0.0, -1.0, 0.0, -0.4529, 0.8916, -0.0, 0.8916, 0, 0, 0, 1], [0.96, 0.887, 0.4618, -0.0, 0.0, 0.0, 0.0, -1.0, 0.0, -0.4618, 0.887, -0.0, 0.887, 0, 0, 0, 1], [0.98, 0.8823, 0.4706, -0.0, 0.0, 0.0, 0.0, -1.0, 0.0, -0.4706, 0.8823, -0.0, 0.8823, 0, 0, 0, 1], [1.0, 0.8776, 0.4794, -0.0, 0.0, 0.0, 0.0, -1.0, 0.0, -0.4794, 0.8776, -0.0, 0.8776, 0, 0, 0, 1], [1.02, 0.8727, 0.4882, -0.0, 0.0, 0.0, 0.0, -1.0, 0.0, -0.4882, 0.8727, -0.0, 0.8727, 0, 0, 0, 1], [1.04, 0.8678, 0.4969, -0.0, 0.0, 0.0, 0.0, -1.0, 0.0, -0.4969, 0.8678, -0.0, 0.8678, 0, 0, 0, 1], [1.06, 0.8628, 0.5055, -0.0, 0.0, 0.0, 0.0, -1.0, 0.0, -0.5055, 0.8628, -0.0, 0.8628, 0, 0, 0, 1], [1.08, 0.8577, 0.5141, -0.0, 0.0, 0.0, 0.0, -1.0, 0.0, -0.5141, 0.8577, -0.0, 0.8577, 0, 0, 0, 1], [1.1, 0.8525, 0.5227, -0.0, 0.0, 0.0, 0.0, -1.0, 0.0, -0.5227, 0.8525, -0.0, 0.8525, 0, 0, 0, 1], [1.12, 0.8473, 0.5312, -0.0, 0.0, 0.0, 0.0, -1.0, 0.0, -0.5312, 0.8473, -0.0, 0.8473, 0, 0, 0, 1], [1.1400000000000001, 0.8419, 0.5396, -0.0, 0.0, 0.0, 0.0, -1.0, 0.0, -0.5396, 0.8419, -0.0, 0.8419, 0, 0, 0, 1], [1.16, 0.8365, 0.548, -0.0, 0.0, 0.0, 0.0, -1.0, 0.0, -0.548, 0.8365, -0.0, 0.8365, 0, 0, 0, 1], [1.18, 0.8309, 0.5564, -0.0, 0.0, 0.0, 0.0, -1.0, 0.0, -0.5564, 0.8309, -0.0, 0.8309, 0, 0, 0, 1], [1.2, 0.8253, 0.5646, -0.0, 0.0, 0.0, 0.0, -1.0, 0.0, -0.5646, 0.8253, -0.0, 0.8253, 0, 0, 0, 1], [1.22, 0.8196, 0.5729, -0.0, 0.0, 0.0, 0.0, -1.0, 0.0, -0.5729, 0.8196, -0.0, 0.8196, 0, 0, 0, 1], [1.24, 0.8139, 0.581, -0.0, 0.0, 0.0, 0.0, -1.0, 0.0, -0.581, 0.8139, -0.0, 0.8139, 0, 0, 0, 1], [1.26, 0.808, 0.5891, -0.0, 0.0, 0.0, 0.0, -1.0, 0.0, -0.5891, 0.808, -0.0, 0.808, 0, 0, 0, 1], [1.28, 0.8021, 0.5972, -0.0, 0.0, 0.0, 0.0, -1.0, 0.0, -0.5972, 0.8021, -0.0, 0.8021, 0, 0, 0, 1], [1.3, 0.7961, 0.6052, -0.0, 0.0, 0.0, 0.0, -1.0, 0.0, -0.6052, 0.7961, -0.0, 0.7961, 0, 0, 0, 1], [1.32, 0.79, 0.6131, -0.0, 0.0, 0.0, 0.0, -1.0, 0.0, -0.6131, 0.79, -0.0, 0.79, 0, 0, 0, 1], [1.34, 0.7838, 0.621, -0.0, 0.0, 0.0, 0.0, -1.0, 0.0, -0.621, 0.7838, -0.0, 0.7838, 0, 0, 0, 1], [1.36, 0.7776, 0.6288, -0.0, 0.0, 0.0, 0.0, -1.0, 0.0, -0.6288, 0.7776, -0.0, 0.7776, 0, 0, 0, 1], [1.3800000000000001, 0.7712, 0.6365, -0.0, 0.0, 0.0, 0.0, -1.0, 0.0, -0.6365, 0.7712, -0.0, 0.7712, 0, 0, 0, 1], [1.4000000000000001, 0.7648, 0.6442, -0.0, 0.0, 0.0, 0.0, -1.0, 0.0, -0.6442, 0.7648, -0.0, 0.7648, 0, 0, 0, 1], [1.42, 0.7584, 0.6518, -0.0, 0.0, 0.0, 0.0, -1.0, 0.0, -0.6518, 0.7584, -0.0, 0.7584, 0, 0, 0, 1], [1.44, 0.7518, 0.6594, -0.0, 0.0, 0.0, 0.0, -1.0, 0.0, -0.6594, 0.7518, -0.0, 0.7518, 0, 0, 0, 1], [1.46, 0.7452, 0.6669, -0.0, 0.0, 0.0, 0.0, -1.0, 0.0, -0.6669, 0.7452, -0.0, 0.7452, 0, 0, 0, 1], [1.48, 0.7385, 0.6743, -0.0, 0.0, 0.0, 0.0, -1.0, 0.0, -0.6743, 0.7385, -0.0, 0.7385, 0, 0, 0, 1], [1.5, 0.7317, 0.6816, -0.0, 0.0, 0.0, 0.0, -1.0, 0.0, -0.6816, 0.7317, -0.0, 0.7317, 0, 0, 0, 1], [1.52, 0.7248, 0.6889, -0.0, 0.0, 0.0, 0.0, -1.0, 0.0, -0.6889, 0.7248, -0.0, 0.7248, 0, 0, 0, 1], [1.54, 0.7179, 0.6961, -0.0, 0.0, 0.0, 0.0, -1.0, 0.0, -0.6961, 0.7179, -0.0, 0.7179, 0, 0, 0, 1], [1.56, 0.7109, 0.7033, -0.0, 0.0, 0.0, 0.0, -1.0, 0.0, -0.7033, 0.7109, -0.0, 0.7109, 0, 0, 0, 1], [1.58, 0.7038, 0.7104, -0.0, 0.0, 0.0, 0.0, -1.0, 0.0, -0.7104, 0.7038, -0.0, 0.7038, 0, 0, 0, 1], [1.6, 0.6967, 0.7174, -0.0, 0.0, 0.0, 0.0, -1.0, 0.0, -0.7174, 0.6967, -0.0, 0.6967, 0, 0, 0, 1], [1.62, 0.6895, 0.7243, -0.0, 0.0, 0.0, 0.0, -1.0, 0.0, -0.7243, 0.6895, -0.0, 0.6895, 0, 0, 0, 1], [1.6400000000000001, 0.6822, 0.7311, -0.0, 0.0, 0.0, 0.0, -1.0, 0.0, -0.7311, 0.6822, -0.0, 0.6822, 0, 0, 0, 1], [1.6600000000000001, 0.6749, 0.7379, -0.0, 0.0, 0.0, 0.0, -1.0, 0.0, -0.7379, 0.6749, -0.0, 0.6749, 0, 0, 0, 1], [1.68, 0.6675, 0.7446, -0.0, 0.0, 0.0, 0.0, -1.0, 0.0, -0.7446, 0.6675, -0.0, 0.6675, 0, 0, 0, 1], [1.7, 0.66, 0.7513, -0.0, 0.0, 0.0, 0.0, -1.0, 0.0, -0.7513, 0.66, -0.0, 0.66, 0, 0, 0, 1], [1.72, 0.6524, 0.7578, -0.0, 0.0, 0.0, 0.0, -1.0, 0.0, -0.7578, 0.6524, -0.0, 0.6524, 0, 0, 0, 1], [1.74, 0.6448, 0.7643, -0.0, 0.0, 0.0, 0.0, -1.0, 0.0, -0.7643, 0.6448, -0.0, 0.6448, 0, 0, 0, 1], [1.76, 0.6372, 0.7707, -0.0, 0.0, 0.0, 0.0, -1.0, 0.0, -0.7707, 0.6372, -0.0, 0.6372, 0, 0, 0, 1], [1.78, 0.6294, 0.7771, -0.0, 0.0, 0.0, 0.0, -1.0, 0.0, -0.7771, 0.6294, -0.0, 0.6294, 0, 0, 0, 1], [1.8, 0.6216, 0.7833, -0.0, 0.0, 0.0, 0.0, -1.0, 0.0, -0.7833, 0.6216, -0.0, 0.6216, 0, 0, 0, 1], [1.82, 0.6137, 0.7895, -0.0, 0.0, 0.0, 0.0, -1.0, 0.0, -0.7895, 0.6137, -0.0, 0.6137, 0, 0, 0, 1], [1.84, 0.6058, 0.7956, -0.0, 0.0, 0.0, 0.0, -1.0, 0.0, -0.7956, 0.6058, -0.0, 0.6058, 0, 0, 0, 1], [1.86, 0.5978, 0.8016, -0.0, 0.0, 0.0, 0.0, -1.0, 0.0, -0.8016, 0.5978, -0.0, 0.5978, 0, 0, 0, 1], [1.8800000000000001, 0.5898, 0.8076, -0.0, 0.0, 0.0, 0.0, -1.0, 0.0, -0.8076, 0.5898, -0.0, 0.5898, 0, 0, 0, 1], [1.9000000000000001, 0.5817, 0.8134, -0.0, 0.0, 0.0, 0.0, -1.0, 0.0, -0.8134, 0.5817, -0.0, 0.5817, 0, 0, 0, 1], [1.92, 0.5735, 0.8192, -0.0, 0.0, 0.0, 0.0, -1.0, 0.0, -0.8192, 0.5735, -0.0, 0.5735, 0, 0, 0, 1], [1.94, 0.5653, 0.8249, -0.0, 0.0, 0.0, 0.0, -1.0, 0.0, -0.8249, 0.5653, -0.0, 0.5653, 0, 0, 0, 1], [1.96, 0.557, 0.8305, -0.0, 0.0, 0.0, 0.0, -1.0, 0.0, -0.8305, 0.557, -0.0, 0.557, 0, 0, 0, 1], [1.98, 0.5487, 0.836, -0.0, 0.0, 0.0, 0.0, -1.0, 0.0, -0.836, 0.5487, -0.0, 0.5487, 0, 0, 0, 1], [2.0, 0.5403, 0.8415, -0.0, 0.0, 0.0, 0.0, -1.0, 0.0, -0.8415, 0.5403, -0.0, 0.5403, 0, 0, 0, 1], [2.02, 0.5319, 0.8468, -0.0, 0.0, 0.0, 0.0, -1.0, 0.0, -0.8468, 0.5319, -0.0, 0.5319, 0, 0, 0, 1], [2.04, 0.5234, 0.8521, -0.0, 0.0, 0.0, 0.0, -1.0, 0.0, -0.8521, 0.5234, -0.0, 0.5234, 0, 0, 0, 1], [2.06, 0.5148, 0.8573, -0.0, 0.0, 0.0, 0.0, -1.0, 0.0, -0.8573, 0.5148, -0.0, 0.5148, 0, 0, 0, 1], [2.08, 0.5062, 0.8624, -0.0, 0.0, 0.0, 0.0, -1.0, 0.0, -0.8624, 0.5062, -0.0, 0.5062, 0, 0, 0, 1], [2.1, 0.4976, 0.8674, -0.0, 0.0, 0.0, 0.0, -1.0, 0.0, -0.8674, 0.4976, -0.0, 0.4976, 0, 0, 0, 1], [2.12, 0.4889, 0.8724, -0.0, 0.0, 0.0, 0.0, -1.0, 0.0, -0.8724, 0.4889, -0.0, 0.4889, 0, 0, 0, 1], [2.14, 0.4801, 0.8772, -0.0, 0.0, 0.0, 0.0, -1.0, 0.0, -0.8772, 0.4801, -0.0, 0.4801, 0, 0, 0, 1], [2.16, 0.4713, 0.882, -0.0, 0.0, 0.0, 0.0, -1.0, 0.0, -0.882, 0.4713, -0.0, 0.4713, 0, 0, 0, 1], [2.18, 0.4625, 0.8866, -0.0, 0.0, 0.0, 0.0, -1.0, 0.0, -0.8866, 0.4625, -0.0, 0.4625, 0, 0, 0, 1], [2.2, 0.4536, 0.8912, -0.0, 0.0, 0.0, 0.0, -1.0, 0.0, -0.8912, 0.4536, -0.0, 0.4536, 0, 0, 0, 1], [2.22, 0.4447, 0.8957, -0.0, 0.0, 0.0, 0.0, -1.0, 0.0, -0.8957, 0.4447, -0.0, 0.4447, 0, 0, 0, 1], [2.24, 0.4357, 0.9001, -0.0, 0.0, 0.0, 0.0, -1.0, 0.0, -0.9001, 0.4357, -0.0, 0.4357, 0, 0, 0, 1], [2.2600000000000002, 0.4267, 0.9044, -0.0, 0.0, 0.0, 0.0, -1.0, 0.0, -0.9044, 0.4267, -0.0, 0.4267, 0, 0, 0, 1], [2.2800000000000002, 0.4176, 0.9086, -0.0, 0.0, 0.0, 0.0, -1.0, 0.0, -0.9086, 0.4176, -0.0, 0.4176, 0, 0, 0, 1], [2.3000000000000003, 0.4085, 0.9128, -0.0, 0.0, 0.0, 0.0, -1.0, 0.0, -0.9128, 0.4085, -0.0, 0.4085, 0, 0, 0, 1], [2.32, 0.3993, 0.9168, -0.0, 0.0, 0.0, 0.0, -1.0, 0.0, -0.9168, 0.3993, -0.0, 0.3993, 0, 0, 0, 1], [2.34, 0.3902, 0.9208, -0.0, 0.0, 0.0, 0.0, -1.0, 0.0, -0.9208, 0.3902, -0.0, 0.3902, 0, 0, 0, 1], [2.36, 0.3809, 0.9246, -0.0, 0.0, 0.0, 0.0, -1.0, 0.0, -0.9246, 0.3809, -0.0, 0.3809, 0, 0, 0, 1], [2.38, 0.3717, 0.9284, -0.0, 0.0, 0.0, 0.0, -1.0, 0.0, -0.9284, 0.3717, -0.0, 0.3717, 0, 0, 0, 1], [2.4, 0.3624, 0.932, -0.0, 0.0, 0.0, 0.0, -1.0, 0.0, -0.932, 0.3624, -0.0, 0.3624, 0, 0, 0, 1], [2.42, 0.353, 0.9356, -0.0, 0.0, 0.0, 0.0, -1.0, 0.0, -0.9356, 0.353, -0.0, 0.353, 0, 0, 0, 1], [2.44, 0.3436, 0.9391, -0.0, 0.0, 0.0, 0.0, -1.0, 0.0, -0.9391, 0.3436, -0.0, 0.3436, 0, 0, 0, 1], [2.46, 0.3342, 0.9425, -0.0, 0.0, 0.0, 0.0, -1.0, 0.0, -0.9425, 0.3342, -0.0, 0.3342, 0, 0, 0, 1], [2.48, 0.3248, 0.9458, -0.0, 0.0, 0.0, 0.0, -1.0, 0.0, -0.9458, 0.3248, -0.0, 0.3248, 0, 0, 0, 1], [2.5, 0.3153, 0.949, -0.0, 0.0, 0.0, 0.0, -1.0, 0.0, -0.949, 0.3153, -0.0, 0.3153, 0, 0, 0, 1], [2.52, 0.3058, 0.9521, -0.0, 0.0, 0.0, 0.0, -1.0, 0.0, -0.9521, 0.3058, -0.0, 0.3058, 0, 0, 0, 1], [2.54, 0.2963, 0.9551, -0.0, 0.0, 0.0, 0.0, -1.0, 0.0, -0.9551, 0.2963, -0.0, 0.2963, 0, 0, 0, 1], [2.56, 0.2867, 0.958, -0.0, 0.0, 0.0, 0.0, -1.0, 0.0, -0.958, 0.2867, -0.0, 0.2867, 0, 0, 0, 1], [2.58, 0.2771, 0.9608, -0.0, 0.0, 0.0, 0.0, -1.0, 0.0, -0.9608, 0.2771, -0.0, 0.2771, 0, 0, 0, 1], [2.6, 0.2675, 0.9636, -0.0, 0.0, 0.0, 0.0, -1.0, 0.0, -0.9636, 0.2675, -0.0, 0.2675, 0, 0, 0, 1], [2.62, 0.2579, 0.9662, -0.0, 0.0, 0.0, 0.0, -1.0, 0.0, -0.9662, 0.2579, -0.0, 0.2579, 0, 0, 0, 1], [2.64, 0.2482, 0.9687, -0.0, 0.0, 0.0, 0.0, -1.0, 0.0, -0.9687, 0.2482, -0.0, 0.2482, 0, 0, 0, 1], [2.66, 0.2385, 0.9711, -0.0, 0.0, 0.0, 0.0, -1.0, 0.0, -0.9711, 0.2385, -0.0, 0.2385, 0, 0, 0, 1], [2.68, 0.2288, 0.9735, -0.0, 0.0, 0.0, 0.0, -1.0, 0.0, -0.9735, 0.2288, -0.0, 0.2288, 0, 0, 0, 1], [2.7, 0.219, 0.9757, -0.0, 0.0, 0.0, 0.0, -1.0, 0.0, -0.9757, 0.219, -0.0, 0.219, 0, 0, 0, 1], [2.72, 0.2092, 0.9779, -0.0, 0.0, 0.0, 0.0, -1.0, 0.0, -0.9779, 0.2092, -0.0, 0.2092, 0, 0, 0, 1], [2.74, 0.1994, 0.9799, -0.0, 0.0, 0.0, 0.0, -1.0, 0.0, -0.9799, 0.1994, -0.0, 0.1994, 0, 0, 0, 1], [2.7600000000000002, 0.1896, 0.9819, -0.0, 0.0, 0.0, 0.0, -1.0, 0.0, -0.9819, 0.1896, -0.0, 0.1896, 0, 0, 0, 1], [2.7800000000000002, 0.1798, 0.9837, -0.0, 0.0, 0.0, 0.0, -1.0, 0.0, -0.9837, 0.1798, -0.0, 0.1798, 0, 0, 0, 1], [2.8000000000000003, 0.17, 0.9854, -0.0, 0.0, 0.0, 0.0, -1.0, 0.0, -0.9854, 0.17, -0.0, 0.17, 0, 0, 0, 1], [2.82, 0.1601, 0.9871, -0.0, 0.0, 0.0, 0.0, -1.0, 0.0, -0.9871, 0.1601, -0.0, 0.1601, 0, 0, 0, 1], [2.84, 0.1502, 0.9887, -0.0, 0.0, 0.0, 0.0, -1.0, 0.0, -0.9887, 0.1502, -0.0, 0.1502, 0, 0, 0, 1], [2.86, 0.1403, 0.9901, -0.0, 0.0, 0.0, 0.0, -1.0, 0.0, -0.9901, 0.1403, -0.0, 0.1403, 0, 0, 0, 1], [2.88, 0.1304, 0.9915, -0.0, 0.0, 0.0, 0.0, -1.0, 0.0, -0.9915, 0.1304, -0.0, 0.1304, 0, 0, 0, 1], [2.9, 0.1205, 0.9927, -0.0, 0.0, 0.0, 0.0, -1.0, 0.0, -0.9927, 0.1205, -0.0, 0.1205, 0, 0, 0, 1], [2.92, 0.1106, 0.9939, -0.0, 0.0, 0.0, 0.0, -1.0, 0.0, -0.9939, 0.1106, -0.0, 0.1106, 0, 0, 0, 1], [2.94, 0.1006, 0.9949, -0.0, 0.0, 0.0, 0.0, -1.0, 0.0, -0.9949, 0.1006, -0.0, 0.1006, 0, 0, 0, 1], [2.96, 0.0907, 0.9959, -0.0, 0.0, 0.0, 0.0, -1.0, 0.0, -0.9959, 0.0907, -0.0, 0.0907, 0, 0, 0, 1], [2.98, 0.0807, 0.9967, -0.0, 0.0, 0.0, 0.0, -1.0, 0.0, -0.9967, 0.0807, -0.0, 0.0807, 0, 0, 0, 1], [3.0, 0.0707, 0.9975, -0.0, 0.0, 0.0, 0.0, -1.0, 0.0, -0.9975, 0.0707, -0.0, 0.0707, 0, 0, 0, 1], [3.02, 0.0608, 0.9982, -0.0, 0.0, 0.0, 0.0, -1.0, 0.0, -0.9982, 0.0608, -0.0, 0.0608, 0, 0, 0, 1], [3.04, 0.0508, 0.9987, -0.0, 0.0, 0.0, 0.0, -1.0, 0.0, -0.9987, 0.0508, -0.0, 0.0508, 0, 0, 0, 1], [3.06, 0.0408, 0.9992, -0.0, 0.0, 0.0, 0.0, -1.0, 0.0, -0.9992, 0.0408, -0.0, 0.0408, 0, 0, 0, 1], [3.08, 0.0308, 0.9995, -0.0, 0.0, 0.0, 0.0, -1.0, 0.0, -0.9995, 0.0308, -0.0, 0.0308, 0, 0, 0, 1], [3.1, 0.0208, 0.9998, -0.0, 0.0, 0.0, 0.0, -1.0, 0.0, -0.9998, 0.0208, -0.0, 0.0208, 0, 0, 0, 1], [3.12, 0.0108, 0.9999, -0.0, 0.0, 0.0, 0.0, -1.0, 0.0, -0.9999, 0.0108, -0.0, 0.0108, 0, 0, 0, 1], [3.14, 0.0008, 1.0, -0.0, 0.0, 0.0, 0.0, -1.0, 0.0, -1.0, 0.0008, -0.0, 0.0008, 0, 0, 0, 1], [3.16, -0.0092, 1.0, -0.0, 0.0, 0.0, 0.0, -1.0, 0.0, -1.0, -0.0092, -0.0, -0.0092, 0, 0, 0, 1], [3.18, -0.0192, 0.9998, -0.0, 0.0, 0.0, 0.0, -1.0, 0.0, -0.9998, -0.0192, -0.0, -0.0192, 0, 0, 0, 1], [3.2, -0.0292, 0.9996, -0.0, 0.0, 0.0, 0.0, -1.0, 0.0, -0.9996, -0.0292, -0.0, -0.0292, 0, 0, 0, 1], [3.22, -0.0392, 0.9992, -0.0, 0.0, 0.0, 0.0, -1.0, 0.0, -0.9992, -0.0392, -0.0, -0.0392, 0, 0, 0, 1], [3.24, -0.0492, 0.9988, -0.0, 0.0, 0.0, 0.0, -1.0, 0.0, -0.9988, -0.0492, -0.0, -0.0492, 0, 0, 0, 1], [3.2600000000000002, -0.0592, 0.9982, -0.0, 0.0, 0.0, 0.0, -1.0, 0.0, -0.9982, -0.0592, -0.0, -0.0592, 0, 0, 0, 1], [3.2800000000000002, -0.0691, 0.9976, -0.0, 0.0, 0.0, 0.0, -1.0, 0.0, -0.9976, -0.0691, -0.0, -0.0691, 0, 0, 0, 1], [3.3000000000000003, -0.0791, 0.9969, -0.0, 0.0, 0.0, 0.0, -1.0, 0.0, -0.9969, -0.0791, -0.0, -0.0791, 0, 0, 0, 1], [3.3200000000000003, -0.0891, 0.996, -0.0, 0.0, 0.0, 0.0, -1.0, 0.0, -0.996, -0.0891, -0.0, -0.0891, 0, 0, 0, 1], [3.34, -0.099, 0.9951, -0.0, 0.0, 0.0, 0.0, -1.0, 0.0, -0.9951, -0.099, -0.0, -0.099, 0, 0, 0, 1], [3.36, -0.109, 0.994, -0.0, 0.0, 0.0, 0.0, -1.0, 0.0, -0.994, -0.109, -0.0, -0.109, 0, 0, 0, 1], [3.38, -0.1189, 0.9929, -0.0, 0.0, 0.0, 0.0, -1.0, 0.0, -0.9929, -0.1189, -0.0, -0.1189, 0, 0, 0, 1], [3.4, -0.1288, 0.9917, -0.0, 0.0, 0.0, 0.0, -1.0, 0.0, -0.9917, -0.1288, -0.0, -0.1288, 0, 0, 0, 1], [3.42, -0.1388, 0.9903, -0.0, 0.0, 0.0, 0.0, -1.0, 0.0, -0.9903, -0.1388, -0.0, -0.1388, 0, 0, 0, 1], [3.44, -0.1487, 0.9889, -0.0, 0.0, 0.0, 0.0, -1.0, 0.0, -0.9889, -0.1487, -0.0, -0.1487, 0, 0, 0, 1], [3.46, -0.1585, 0.9874, -0.0, 0.0, 0.0, 0.0, -1.0, 0.0, -0.9874, -0.1585, -0.0, -0.1585, 0, 0, 0, 1], [3.48, -0.1684, 0.9857, -0.0, 0.0, 0.0, 0.0, -1.0, 0.0, -0.9857, -0.1684, -0.0, -0.1684, 0, 0, 0, 1], [3.5, -0.1782, 0.984, -0.0, 0.0, 0.0, 0.0, -1.0, 0.0, -0.984, -0.1782, -0.0, -0.1782, 0, 0, 0, 1], [3.52, -0.1881, 0.9822, -0.0, 0.0, 0.0, 0.0, -1.0, 0.0, -0.9822, -0.1881, -0.0, -0.1881, 0, 0, 0, 1], [3.54, -0.1979, 0.9802, -0.0, 0.0, 0.0, 0.0, -1.0, 0.0, -0.9802, -0.1979, -0.0, -0.1979, 0, 0, 0, 1], [3.56, -0.2077, 0.9782, -0.0, 0.0, 0.0, 0.0, -1.0, 0.0, -0.9782, -0.2077, -0.0, -0.2077, 0, 0, 0, 1], [3.58, -0.2175, 0.9761, -0.0, 0.0, 0.0, 0.0, -1.0, 0.0, -0.9761, -0.2175, -0.0, -0.2175, 0, 0, 0, 1], [3.6, -0.2272, 0.9738, -0.0, 0.0, 0.0, 0.0, -1.0, 0.0, -0.9738, -0.2272, -0.0, -0.2272, 0, 0, 0, 1], [3.62, -0.2369, 0.9715, -0.0, 0.0, 0.0, 0.0, -1.0, 0.0, -0.9715, -0.2369, -0.0, -0.2369, 0, 0, 0, 1], [3.64, -0.2466, 0.9691, -0.0, 0.0, 0.0, 0.0, -1.0, 0.0, -0.9691, -0.2466, -0.0, -0.2466, 0, 0, 0, 1], [3.66, -0.2563, 0.9666, -0.0, 0.0, 0.0, 0.0, -1.0, 0.0, -0.9666, -0.2563, -0.0, -0.2563, 0, 0, 0, 1], [3.68, -0.266, 0.964, -0.0, 0.0, 0.0, 0.0, -1.0, 0.0, -0.964, -0.266, -0.0, -0.266, 0, 0, 0, 1], [3.7, -0.2756, 0.9613, -0.0, 0.0, 0.0, 0.0, -1.0, 0.0, -0.9613, -0.2756, -0.0, -0.2756, 0, 0, 0, 1], [3.72, -0.2852, 0.9585, -0.0, 0.0, 0.0, 0.0, -1.0, 0.0, -0.9585, -0.2852, -0.0, -0.2852, 0, 0, 0, 1], [3.74, -0.2948, 0.9556, -0.0, 0.0, 0.0, 0.0, -1.0, 0.0, -0.9556, -0.2948, -0.0, -0.2948, 0, 0, 0, 1], [3.7600000000000002, -0.3043, 0.9526, -0.0, 0.0, 0.0, 0.0, -1.0, 0.0, -0.9526, -0.3043, -0.0, -0.3043, 0, 0, 0, 1], [3.7800000000000002, -0.3138, 0.9495, -0.0, 0.0, 0.0, 0.0, -1.0, 0.0, -0.9495, -0.3138, -0.0, -0.3138, 0, 0, 0, 1], [3.8000000000000003, -0.3233, 0.9463, -0.0, 0.0, 0.0, 0.0, -1.0, 0.0, -0.9463, -0.3233, -0.0, -0.3233, 0, 0, 0, 1], [3.8200000000000003, -0.3327, 0.943, -0.0, 0.0, 0.0, 0.0, -1.0, 0.0, -0.943, -0.3327, -0.0, -0.3327, 0, 0, 0, 1], [3.84, -0.3421, 0.9396, -0.0, 0.0, 0.0, 0.0, -1.0, 0.0, -0.9396, -0.3421, -0.0, -0.3421, 0, 0, 0, 1], [3.86, -0.3515, 0.9362, -0.0, 0.0, 0.0, 0.0, -1.0, 0.0, -0.9362, -0.3515, -0.0, -0.3515, 0, 0, 0, 1], [3.88, -0.3609, 0.9326, -0.0, 0.0, 0.0, 0.0, -1.0, 0.0, -0.9326, -0.3609, -0.0, -0.3609, 0, 0, 0, 1], [3.9, -0.3702, 0.929, -0.0, 0.0, 0.0, 0.0, -1.0, 0.0, -0.929, -0.3702, -0.0, -0.3702, 0, 0, 0, 1], [3.92, -0.3795, 0.9252, -0.0, 0.0, 0.0, 0.0, -1.0, 0.0, -0.9252, -0.3795, -0.0, -0.3795, 0, 0, 0, 1], [3.94, -0.3887, 0.9214, -0.0, 0.0, 0.0, 0.0, -1.0, 0.0, -0.9214, -0.3887, -0.0, -0.3887, 0, 0, 0, 1], [3.96, -0.3979, 0.9174, -0.0, 0.0, 0.0, 0.0, -1.0, 0.0, -0.9174, -0.3979, -0.0, -0.3979, 0, 0, 0, 1], [3.98, -0.407, 0.9134, -0.0, 0.0, 0.0, 0.0, -1.0, 0.0, -0.9134, -0.407, -0.0, -0.407, 0, 0, 0, 1], [4.0, -0.4161, 0.9093, -0.0, 0.0, 0.0, 0.0, -1.0, 0.0, -0.9093, -0.4161, -0.0, -0.4161, 0, 0, 0, 1], [4.0200000000000005, -0.4252, 0.9051, -0.0, 0.0, 0.0, 0.0, -1.0, 0.0, -0.9051, -0.4252, -0.0, -0.4252, 